-------------------------------------------------------------------------------------------------
기수명   조  생년월일   나이 데뷔일자   중량 타조중량 총출전 1위  2위  3위 1년출전 1위  2위  3위 
-------------------------------------------------------------------------------------------------
권오찬   프  1999/11/07  23  2021/07/15  48   48        208    5   14   11  162     5   12   11
김도현   99  1982/01/24  40  2003/07/02  53   53       2244  128  136  148    0     0    0    0
김동영   99  1980/04/06  42  2005/05/04  53   53       4400  412  433  442   85     2    6    6
김명신   99  1981/04/01  41  2005/05/04  52   52       2300   89  157  162    0     0    0    0
김어수   프  1983/07/06  39  2005/05/04  52   52       4102  243  306  344  254    11   10   14
김태경   99  1966/03/22  56  1990/06/01  51   51       5344  343  409  442    1     0    0    1
김태현   99  1997/01/23  25  2020/07/15  51   51        514   25   29   32  163     9    9   13
김혜선   프  1988/08/31  34  2009/06/01  51   51       4287  351  376  364  409    45   57   44
다실바   프  1978/12/15  44  2016/09/02  53   53       2266  309  303  261  380    60   47   42
모준호   프  1991/12/31  31  2020/07/15  51   51        755   45   54   64  329    17   15   25
박재이   프  1996/02/14  26  2015/06/17  52   52       2250  167  225  228  391    62   53   51
박종호   프  1994/03/09  28  2020/07/15  51   51        282    8    7   14   67     1    2    4
서강주   프  1998/04/11  24  2021/07/15  50   50        397   29   44   47  346    28   40   40
서승운   프  1989/08/30  33  2011/08/24  52   52       3984  625  540  493  375    66   55   48
송경윤   프  1981/03/05  41  2007/05/18  53   53       4777  361  450  463  386    36   32   42
신윤섭   프  1995/01/28  27  2021/07/15  52   52        418   27   26   38  309    17   21   26
유광희   99  1988/09/25  34  2011/08/24  51   51       1568   52  100  118    0     0    0    0
유현명   프  1979/05/20  43  2002/09/13  51   51       7111 1199  941  750  383    73   50   41
윤형석   프  1998/12/16  24  2021/07/15  50   50        320   14   24   25  262    13   19   24
이성재   프  1982/10/18  40  2008/05/14  52   52       4244  327  333  398  378    33   21   32
이아나   99  1989/01/01  34  2011/08/24  50   50       1213   53   53   67    0     0    0    0
이홍락   프  1997/12/17  25  2022/07/01  50   50         99    6   11    9   99     6   11    9
이효식   99  1996/06/04  26  2016/06/18  51   51       1798  246  185  153    0     0    0    0
임성실   프  1981/02/15  41  2002/09/13  55   55       2651  353  296  279   94     4    6   14
전진구   프  1996/03/23  26  2017/06/02  50   50        917   47   65   52  183     2   13    7
정도윤   프  1995/11/20  27  2016/06/18  48   48       1933  164  158  195  272    31   29   26
정동철   프  1990/07/17  32  2011/08/24  48   48       2727  169  183  195  131     5    2    3
정우주   프  1993/01/23  29  2018/06/14  48   48        994   48   50   68  138     1    6    7
조창욱   99  1980/02/10  42  2005/05/04  53   53       4104  371  351  360    0     0    0    0
진겸     99  1994/07/04  28  2015/06/17  52   52       1938  162  194  199   50     2    4    4
채상현   프  1993/11/21  29  2014/06/05  52   52       1800  130  154  163  273    16   20   23
최시대   프  1980/09/12  42  2007/05/18  51   51       5660  751  660  595  400    58   36   34
최은경   프  1997/02/24  25  2016/06/18  51   51       1532   90  120  141  318    16   22   39
