-------------------------------------------------------------------------------------
조교사명 조  생년월일   나이 데뷔일자    총출전  1위  2위  3위 1년출전 1위  2위  3위 
-------------------------------------------------------------------------------------
강성오   09  1966/08/20  56  2018/07/01    696    80   80   60   243   26   27   23
강환민   31  1970/05/26  52  2017/07/01   1037   126  119  117   264   22   28   33
곽영효   19  1961/09/24  61  1997/05/28   4829   501  476  422   233   23   32   22
구자흥   07  1963/08/07  59  2010/04/05   2054   155  208  203   134    5   10    9
김동균   52  1975/08/24  47  2012/07/01   2893   291  255  270   358   30   37   38
김동철   53  1974/11/28  47  2016/03/16   1561    87  132  131   247   12   16   15
김윤섭   32  1968/09/20  54  1998/07/02   5099   326  412  428   169    9    9    8
리카디   34  1968/03/02  54  2017/11/26    719    93  100   83   229   39   34   24
문병기   21  1968/08/07  54  2022/07/01     62     7    8    6    62    7    8    6
박병일   27  1964/04/26  58  2011/07/15   2010   172  199  188   225   17   25   26
박윤규   04  1966/09/26  56  2004/07/01   4227   332  369  387   225   22   24   19
박재우   50  1970/01/02  52  2011/01/26   3421   458  377  334   397   37   46   36
박종곤   01  1962/08/26  60  1997/09/04   4814   511  449  461   271   45   28   23
박천서   54  1963/06/08  59  2003/03/05   4521   430  421  431   203   18   15   21
박희철   15  1961/06/26  61  2002/07/01   5188   387  440  453   149   11    7   11
배대선   20  1960/04/02  62  1995/06/26   7891   871  841  823   179   20   22   15
배휴준   29  1966/09/25  56  2005/07/01   4634   320  378  395   208    8   13   10
서범석   12  1964/07/26  58  1999/07/01   5062   445  461  456   238   12   20   16
서인석   33  1968/11/20  53  2010/12/09   4816   441  478  461   467   45   42   48
서홍수   24  1964/01/04  58  2008/09/24   2500   227  226  240   289   40   27   37
손영표   02  1966/11/14  55  2006/07/27   3016   234  232  206   182    6   13    9
송문길   40  1971/03/22  51  2013/07/01   2443   352  288  257   321   42   34   38
신삼영   41  1963/11/06  58  2010/07/01   2314   215  203  206   180   16   11   15
심승태   37  1978/02/14  44  2012/05/04   2374   180  215  205   173   11    9   12
안병기   22  1966/01/20  56  2008/07/01   4171   423  383  383   378   31   33   26
안해양   26  1961/07/24  61  1999/08/26   4456   399  364  378   225   24   30   20
우창구   05  1963/04/28  59  2008/07/01   3284   328  283  287   195   16   15   25
유재길   23  1961/07/16  61  2000/04/07   5759   416  443  491   188   10   12   15
이관호   42  1966/08/21  56  2013/11/01   2566   272  227  274   428   36   31   55
이신영   14  1980/04/12  42  2011/07/01   2654   346  222  253   234   26   14   18
이준철   48  1980/02/23  42  2021/07/01    195    37   27   23   155   29   19   18
이희영   13  1960/08/16  62  1986/12/04   8481   676  742  758   168   19   18   20
임채덕   35  1970/07/09  52  2020/07/01    329     7   16   22   188    4   12   17
전승규   25  1963/10/04  59  2017/04/26    913   141  111   97   230   27   23   28
정호익   10  1965/03/08  57  2006/03/04   5214   533  551  536   372   36   41   39
조현수   11  1970/04/25  52  2018/07/01    943    39   61   76   247   10   15   17
최봉주   16  1962/11/19  59  2007/03/08   3007   221  230  241   222   16   20   16
최상식   28  1960/02/25  62  1993/07/13   6322   485  516  546   197   18   13   19
최영주   03  1966/09/03  56  1997/11/19   4988   370  385  365   147   15    8    8
최용건   51  1967/08/09  55  2020/07/01    471    49   33   40   266   31   19   19
최용구   08  1965/10/08  57  2012/07/01   1817   208  193  168   161   15   21   14
토니     30  1974/04/10  48  2019/09/01    461    41   49   52   198   16   17   18
홍대유   06  1963/01/15  59  2006/07/01   4126   356  356  358   366   35   34   26
