-------------------------------------------------------------------------------------
조교사명 조  생년월일   나이 데뷔일자    총출전  1위  2위  3위 1년출전 1위  2위  3위 
-------------------------------------------------------------------------------------
강성오   09  1966/08/20  55  2018/07/01    568    66   65   48   226   25   26   23
강환민   31  1970/05/26  51  2017/07/01    904   116  107  102   238   21   27   26
곽영효   19  1961/09/24  60  1997/05/28   4696   486  459  413   170   14   21   17
구자흥   07  1963/08/07  58  2010/04/05   1975   153  200  196   119   10    6    4
김동균   52  1975/08/24  46  2012/07/01   2727   279  238  256   348   42   32   40
김동철   53  1974/11/28  47  2016/03/16   1425    82  121  121   246   17   13   17
김윤섭   32  1968/09/20  53  1998/07/02   5007   323  406  423   151    9    6    9
김점오   17  1959/05/20  62  1987/07/10   8685   791  798  751    98    8    7    9
리카디   34  1968/03/02  54  2017/11/26    596    71   79   70   199   28   27   24
박대흥   18  1958/08/07  63  1997/05/28   7077  1011  804  678   312   38   29   23
박병일   27  1964/04/26  57  2011/07/15   1906   165  188  174   221   23   26   18
박윤규   04  1966/09/26  55  2004/07/01   4104   319  361  379   192   18   23   18
박재우   50  1970/01/02  52  2011/01/26   3230   434  357  316   397   37   48   39
박종곤   01  1962/08/26  59  1997/09/04   4680   489  430  449   263   46   26   27
박천서   54  1963/06/08  58  2003/03/05   4427   419  414  420   197   12   12   17
박희철   15  1961/06/26  60  2002/07/01   5104   382  434  444   136   10    6   10
배대선   20  1960/04/02  62  1995/06/26   7789   860  824  816   208   19   13   21
배휴준   29  1966/09/25  55  2005/07/01   4535   317  371  388   207    7   14   11
서범석   12  1964/07/26  57  1999/07/01   4956   438  452  449   248   12   22   17
서인석   33  1968/11/20  53  2010/12/09   4591   415  456  438   474   44   42   43
서정하   43  1958/12/22  63  2004/09/01   2842   162  218  219    85    0    1    7
서홍수   24  1964/01/04  58  2008/09/24   2339   204  209  222   271   30   28   36
손영표   02  1966/11/14  55  2006/07/27   2932   230  225  199   181    7   13    7
송문길   40  1971/03/22  51  2013/07/01   2293   332  271  240   346   39   38   34
신삼영   41  1963/11/06  58  2010/07/01   2230   205  198  200   180   10   18   15
심승태   37  1978/02/14  44  2012/05/04   2278   173  208  197   134    6    3    6
안병기   22  1966/01/20  56  2008/07/01   3997   411  365  374   395   28   29   33
안해양   26  1961/07/24  60  1999/08/26   4330   384  346  365   217   15   22   18
우창구   05  1963/04/28  58  2008/07/01   3192   323  275  275   216   32   19   20
유재길   23  1961/07/16  60  2000/04/07   5662   411  437  483   176    7   10   11
이관호   42  1966/08/21  55  2013/11/01   2355   254  211  249   414   37   31   49
이신영   14  1980/04/12  42  2011/07/01   2551   334  217  246   248   21   16   21
이준철   48  1980/02/23  42  2021/07/01    116    21   14   17   116   21   14   17
이희영   13  1960/08/16  61  1986/12/04   8400   665  732  750   161   11   15   16
임봉춘   21  1959/04/14  63  2002/08/22   5243   419  451  520   345   25   39   30
임채덕   35  1970/07/09  51  2020/07/01    226     5   10   13   148    5   10   11
전승규   25  1963/10/04  58  2017/04/26    807   128  105   82   215   26   26   20
정호익   10  1965/03/08  57  2006/03/04   5028   519  530  512   352   36   36   31
조현수   11  1970/04/25  51  2018/07/01    812    31   54   68   241    6   13   17
지용철   49  1959/06/27  62  1986/11/20  12438   930 1078 1117   375   23   23   25
최봉주   16  1962/11/19  59  2007/03/08   2892   211  218  230   254   11   14   12
최상식   28  1960/02/25  62  1993/07/13   6228   473  510  537   191   10   15   18
최영주   03  1966/09/03  55  1997/11/19   4912   361  378  360   127    7    5   10
최용건   51  1967/08/09  54  2020/07/01    334    33   22   24   247   25   12   16
최용구   08  1965/10/08  56  2012/07/01   1745   202  180  158   182   16   15   15
토니     30  1974/04/10  48  2019/09/01    367    29   40   37   192   14   20   17
홍대유   06  1963/01/15  59  2006/07/01   3940   337  343  340   356   35   39   24
