-------------------------------------------------------------------------------------------------
기수명   조  생년월일   나이 데뷔일자   중량 타조중량 총출전 1위  2위  3위 1년출전 1위  2위  3위 
-------------------------------------------------------------------------------------------------
권오찬   프  1999/11/07  22  2021/07/15  48   48        148    3   10    6  135     3    9    6
김도현   99  1982/01/24  40  2003/07/02  53   53       2244  128  136  148    6     0    0    1
김동영   99  1980/04/06  42  2005/05/04  53   53       4400  412  433  442   85     2    6    6
김명신   99  1981/04/01  41  2005/05/04  52   52       2300   89  157  162   18     2    0    2
김어수   프  1983/07/06  39  2005/05/04  52   52       4031  241  303  341  249    10   14   15
김철호   프  1987/07/20  35  2008/06/18  53   53       2575  216  218  237  104     7    7   11
김태경   99  1966/03/22  56  1990/06/01  51   51       5344  343  409  442   34     2    0    2
김태현   99  1997/01/23  25  2020/07/15  51   51        514   25   29   32  222    11   13   16
김혜선   프  1988/08/31  34  2009/06/01  51   51       4170  341  365  352  414    47   62   42
다실바   프  1978/12/15  43  2016/09/02  53   53       2174  292  288  253  392    56   43   46
모준호   프  1991/12/31  30  2020/07/15  51   51        676   40   50   57  349    17   20   28
박재이   프  1996/02/14  26  2015/06/17  52   52       2135  153  205  212  374    58   43   45
박종호   프  1994/03/09  28  2020/07/15  51   51        260    8    6   13   74     2    1    5
서강주   프  1998/04/11  24  2021/07/15  50   50        265   14   26   34  256    14   26   33
서승운   프  1989/08/30  33  2011/08/24  52   52       3884  604  531  479  357    58   58   39
송경윤   프  1981/03/05  41  2007/05/18  53   53       4640  348  438  447  342    30   25   32
신윤섭   프  1995/01/28  27  2021/07/15  52   52        328   19   19   31  302    16   19   29
유광희   99  1988/09/25  33  2011/08/24  51   51       1568   52  100  118   53     2    4    5
유현명   프  1979/05/20  43  2002/09/13  51   51       6998 1180  927  742  352    72   41   39
윤형석   프  1998/12/16  23  2021/07/15  50   50        226    4   15   18  215     4   14   18
이성재   프  1982/10/18  39  2008/05/14  52   52       4126  321  325  388  354    32   20   37
이아나   99  1989/01/01  33  2011/08/24  50   50       1213   53   53   67    0     0    0    0
이홍락   프  1997/12/17  24  2022/07/01  50   50         15    1    1    0   15     1    1    0
이효식   99  1996/06/04  26  2016/06/18  51   51       1798  246  185  153    7     0    2    0
임성실   프  1981/02/15  41  2002/09/13  56   56       2620  352  294  276  112    11   11   16
전진구   프  1996/03/23  26  2017/06/02  50   50        867   46   63   52  175     2   14    8
정도윤   프  1995/11/20  26  2016/06/18  48   48       1799  147  144  182  139    14   16   13
정동철   프  1990/07/17  32  2011/08/24  48   48       2678  166  181  195  156     3    2    7
정우주   프  1993/01/23  29  2018/06/14  48   48        942   47   49   65  141     3    6   10
조인권   프  1987/01/18  35  2008/06/18  52   52       4506  642  521  484  348    37   51   39
조창욱   99  1980/02/10  42  2005/05/04  53   53       4104  371  351  360    6     1    2    1
진겸     99  1994/07/04  28  2015/06/17  52   52       1938  162  194  199  134    15   15   17
채상현   프  1993/11/21  28  2014/06/05  52   52       1675  123  146  151  165    10   13   11
최시대   프  1980/09/12  42  2007/05/18  51   51       5532  735  645  578  380    53   27   29
최은경   프  1997/02/24  25  2016/06/18  51   51       1438   87  115  127  290    19   19   29
