-------------------------------------------------------------------------------------
조교사명 조  생년월일   나이 데뷔일자    총출전  1위  2위  3위 1년출전 1위  2위  3위 
-------------------------------------------------------------------------------------
강성오   09  1966/08/20  55  2018/07/01    584    68   67   48   225   25   26   22
강환민   31  1970/05/26  51  2017/07/01    917   118  107  103   241   23   25   27
곽영효   19  1961/09/24  60  1997/05/28   4708   488  459  414   174   16   21   18
구자흥   07  1963/08/07  58  2010/04/05   1985   153  200  198   123   10    4    6
김동균   52  1975/08/24  46  2012/07/01   2746   282  239  259   354   45   33   40
김동철   53  1974/11/28  47  2016/03/16   1439    82  123  122   243   16   14   16
김윤섭   32  1968/09/20  53  1998/07/02   5016   323  407  423   150    9    7    7
김점오   17  1959/05/20  62  1987/07/10   8688   791  798  751    95    8    7    8
리카디   34  1968/03/02  54  2017/11/26    610    75   82   70   201   29   29   24
박대흥   18  1958/08/07  63  1997/05/28   7095  1014  807  679   312   38   31   22
박병일   27  1964/04/26  58  2011/07/15   1918   165  191  179   221   22   29   22
박윤규   04  1966/09/26  55  2004/07/01   4113   321  361  379   189   19   23   18
박재우   50  1970/01/02  52  2011/01/26   3251   436  359  317   394   37   47   36
박종곤   01  1962/08/26  59  1997/09/04   4695   490  433  450   261   44   25   27
박천서   54  1963/06/08  58  2003/03/05   4438   420  414  421   196   12   12   16
박희철   15  1961/06/26  60  2002/07/01   5111   382  435  444   133   10    7    8
배대선   20  1960/04/02  62  1995/06/26   7801   862  825  816   204   20   14   19
배휴준   29  1966/09/25  55  2005/07/01   4543   317  372  388   201    7   12   11
서범석   12  1964/07/26  57  1999/07/01   4968   439  452  451   242   11   21   17
서인석   33  1968/11/20  53  2010/12/09   4618   416  458  440   471   44   43   41
서정하   43  1958/12/22  63  2004/09/01   2845   162  218  219    82    0    1    7
서홍수   24  1964/01/04  58  2008/09/24   2354   205  211  225   268   30   28   39
손영표   02  1966/11/14  55  2006/07/27   2941   232  226  199   183    9   14    6
송문길   40  1971/03/22  51  2013/07/01   2313   336  272  243   338   39   35   36
신삼영   41  1963/11/06  58  2010/07/01   2244   205  198  202   181   10   15   17
심승태   37  1978/02/14  44  2012/05/04   2289   173  209  198   134    6    4    5
안병기   22  1966/01/20  56  2008/07/01   4018   412  367  375   393   29   28   33
안해양   26  1961/07/24  60  1999/08/26   4342   385  349  366   216   15   24   19
우창구   05  1963/04/28  59  2008/07/01   3201   323  275  277   209   30   18   20
유재길   23  1961/07/16  60  2000/04/07   5671   411  439  484   176    7   11   12
이관호   42  1966/08/21  55  2013/11/01   2381   255  214  254   415   33   34   52
이신영   14  1980/04/12  42  2011/07/01   2561   335  217  247   245   21   15   21
이준철   48  1980/02/23  42  2021/07/01    128    24   17   18   128   24   17   18
이희영   13  1960/08/16  61  1986/12/04   8409   668  733  750   158   14   15   15
임봉춘   21  1959/04/14  63  2002/08/22   5264   421  453  523   342   24   39   31
임채덕   35  1970/07/09  51  2020/07/01    234     6   10   14   151    6   10   12
전승규   25  1963/10/04  58  2017/04/26    821   130  105   84   222   26   26   22
정호익   10  1965/03/08  57  2006/03/04   5053   521  533  514   357   37   37   31
조현수   11  1970/04/25  52  2018/07/01    832    33   55   70   249    6   13   18
지용철   49  1959/06/27  62  1986/11/20  12460   930 1081 1119   375   22   22   26
최봉주   16  1962/11/19  59  2007/03/08   2911   213  220  230   250   13   15   11
최상식   28  1960/02/25  62  1993/07/13   6237   474  511  538   186    9   15   18
최영주   03  1966/09/03  55  1997/11/19   4921   362  378  360   125    8    4    9
최용건   51  1967/08/09  54  2020/07/01    345    33   22   26   245   23   12   16
최용구   08  1965/10/08  56  2012/07/01   1751   203  181  158   178   17   16   15
토니     30  1974/04/10  48  2019/09/01    379    29   41   37   191   14   20   15
홍대유   06  1963/01/15  59  2006/07/01   3958   338  347  342   351   33   41   25
