-------------------------------------------------------------------------------------
조교사명 조  생년월일   나이 데뷔일자    총출전  1위  2위  3위 1년출전 1위  2위  3위 
-------------------------------------------------------------------------------------
강성오   09  1966/08/20  55  2018/07/01    508    59   57   43   211   21   25   20
강환민   31  1970/05/26  51  2017/07/01    827   109   99   88   213   22   25   19
곽영효   19  1961/09/24  60  1997/05/28   4644   479  451  404   152    9   15   11
구자흥   07  1963/08/07  58  2010/04/05   1953   151  199  195   136   10    5    4
김동균   52  1975/08/24  46  2012/07/01   2630   269  229  242   314   42   35   33
김동철   53  1974/11/28  47  2016/03/16   1371    79  119  117   237   15   15   14
김윤섭   32  1968/09/20  53  1998/07/02   4969   319  406  422   142    5    7   10
김점오   17  1959/05/20  62  1987/07/10   8667   790  796  751   108   10    5   10
리카디   34  1968/03/02  53  2017/11/26    543    59   72   63   179   18   24   22
박대흥   18  1958/08/07  63  1997/05/28   7000  1002  798  669   311   37   28   19
박병일   27  1964/04/26  57  2011/07/15   1845   160  180  166   204   21   22   13
박윤규   04  1966/09/26  55  2004/07/01   4054   316  351  376   182   19   15   17
박재우   50  1970/01/02  52  2011/01/26   3127   427  341  306   381   44   48   34
박종곤   01  1962/08/26  59  1997/09/04   4615   480  426  444   249   48   27   31
박천서   54  1963/06/08  58  2003/03/05   4377   417  412  416   196   12   11   15
박희철   15  1961/06/26  60  2002/07/01   5070   381  433  443   127    9    5    9
배대선   20  1960/04/02  61  1995/06/26   7749   857  821  812   226   16   11   23
배휴준   29  1966/09/25  55  2005/07/01   4477   315  368  386   199    6   13   10
서범석   12  1964/07/26  57  1999/07/01   4890   436  450  445   231   13   24   16
서인석   33  1968/11/20  53  2010/12/09   4480   410  450  425   461   45   46   35
서정하   43  1958/12/22  63  2004/09/01   2827   162  218  218    90    1    3    7
서홍수   24  1964/01/04  58  2008/09/24   2278   199  204  212   256   28   26   30
손영표   02  1966/11/14  55  2006/07/27   2884   230  220  199   171    9   10   10
송문길   40  1971/03/22  50  2013/07/01   2215   320  266  230   349   43   40   32
신삼영   41  1963/11/06  58  2010/07/01   2188   203  195  197   179    8   16   14
심승태   37  1978/02/14  43  2012/05/04   2241   172  206  194   118    5    1    4
안병기   22  1966/01/20  56  2008/07/01   3902   401  357  368   372   26   25   31
안해양   26  1961/07/24  60  1999/08/26   4281   380  343  363   217   12   23   21
우창구   05  1963/04/28  58  2008/07/01   3148   319  273  270   211   30   18   22
유재길   23  1961/07/16  60  2000/04/07   5621   410  433  479   167    6    8   10
이관호   42  1966/08/21  55  2013/11/01   2241   247  203  234   383   36   28   38
이신영   14  1980/04/12  41  2011/07/01   2487   323  210  242   240   17   12   21
이준철   48  1980/02/23  41  2021/07/01     81    14   12   12    81   14   12   12
이희영   13  1960/08/16  61  1986/12/04   8362   662  729  744   155   10   15   13
임봉춘   21  1959/04/14  62  2002/08/22   5157   415  440  513   333   24   35   28
임채덕   35  1970/07/09  51  2020/07/01    185     4    8    8   130    4    8    6
전승규   25  1963/10/04  58  2017/04/26    747   119   95   77   202   24   21   20
정호익   10  1965/03/05  56  2006/03/04   4930   507  517  504   328   33   32   29
조현수   11  1970/04/25  51  2018/07/01    751    30   49   64   238    6    9   19
지용철   49  1959/06/27  62  1986/11/20  12346   920 1073 1112   347   15   23   25
최봉주   16  1962/11/19  59  2007/03/08   2840   207  215  227   262    8   13   18
최상식   28  1960/02/25  61  1993/07/13   6177   470  506  532   180   11   15   16
최영주   03  1966/09/03  55  1997/11/19   4872   359  377  359   125    6    4   10
최용건   51  1967/08/09  54  2020/07/01    272    25   17   23   222   20   10   17
최용구   08  1965/10/08  56  2012/07/01   1698   194  177  156   175   11   14   15
토니     30  1974/04/10  47  2019/09/01    314    25   35   35   171   12   16   18
홍대유   06  1963/01/15  59  2006/07/01   3844   329  331  337   337   30   36   25
