-------------------------------------------------------------------------------------------------
기수명   조  생년월일   나이 데뷔일자   중량 타조중량 총출전 1위  2위  3위 1년출전 1위  2위  3위 
-------------------------------------------------------------------------------------------------
권오찬   프  1999/11/07  23  2021/07/15  48   48        186    4   12    7  147     4   10    7
김도현   99  1982/01/24  40  2003/07/02  53   53       2244  128  136  148    4     0    0    1
김동영   99  1980/04/06  42  2005/05/04  53   53       4400  412  433  442   85     2    6    6
김명신   99  1981/04/01  41  2005/05/04  52   52       2300   89  157  162    6     0    0    1
김어수   프  1983/07/06  39  2005/05/04  52   52       4076  242  305  343  259    10   13   14
김철호   프  1987/07/20  35  2008/06/18  52   52       2629  217  219  238  158     8    8   12
김태경   99  1966/03/22  56  1990/06/01  51   51       5344  343  409  442   13     1    0    1
김태현   99  1997/01/23  25  2020/07/15  51   51        514   25   29   32  178    10   10   14
김혜선   프  1988/08/31  34  2009/06/01  51   51       4250  348  372  358  422    50   59   40
다실바   프  1978/12/15  43  2016/09/02  53   53       2235  305  298  260  381    59   45   45
모준호   프  1991/12/31  30  2020/07/15  51   51        733   44   53   61  340    18   18   24
박재이   프  1996/02/14  26  2015/06/17  52   52       2216  161  222  224  397    59   55   49
박종호   프  1994/03/09  28  2020/07/15  51   51        276    8    7   14   75     2    2    6
서강주   프  1998/04/11  24  2021/07/15  50   50        360   26   41   46  323    26   39   41
서승운   프  1989/08/30  33  2011/08/24  52   52       3956  617  538  489  370    63   54   45
송경윤   프  1981/03/05  41  2007/05/18  53   53       4730  357  447  455  378    36   33   35
신윤섭   프  1995/01/28  27  2021/07/15  52   52        387   23   23   36  317    17   21   29
유광희   99  1988/09/25  34  2011/08/24  51   51       1568   52  100  118   23     0    1    2
유현명   프  1979/05/20  43  2002/09/13  51   51       7086 1197  937  750  389    75   47   43
윤형석   프  1998/12/16  23  2021/07/15  50   50        292   10   21   21  258    10   18   20
이성재   프  1982/10/18  40  2008/05/14  52   52       4213  326  329  396  385    34   19   38
이아나   99  1989/01/01  33  2011/08/24  50   50       1213   53   53   67    0     0    0    0
이홍락   프  1997/12/17  24  2022/07/01  50   50         73    5    7    7   73     5    7    7
이효식   99  1996/06/04  26  2016/06/18  51   51       1798  246  185  153    0     0    0    0
임성실   프  1981/02/15  41  2002/09/13  56   56       2642  353  296  279   98     6   10   15
전진구   프  1996/03/23  26  2017/06/02  50   50        906   47   64   52  190     3   14    8
정도윤   프  1995/11/20  27  2016/06/18  48   48       1887  155  153  191  226    22   24   22
정동철   프  1990/07/17  32  2011/08/24  48   48       2713  169  182  195  144     6    3    4
정우주   프  1993/01/23  29  2018/06/14  48   48        982   48   50   68  150     3    7    9
조인권   프  1987/01/18  35  2008/06/18  52   52       4578  648  530  490  359    36   52   43
조창욱   99  1980/02/10  42  2005/05/04  53   53       4104  371  351  360    4     0    1    1
진겸     99  1994/07/04  28  2015/06/17  52   52       1938  162  194  199   78     6    8    8
채상현   프  1993/11/21  29  2014/06/05  52   52       1762  127  150  160  235    13   16   20
최시대   프  1980/09/12  42  2007/05/18  51   51       5618  747  657  588  398    57   34   31
최은경   프  1997/02/24  25  2016/06/18  51   51       1496   89  118  137  308    20   20   36
