-------------------------------------------------------------------------------------
조교사명 조  생년월일   나이 데뷔일자    총출전  1위  2위  3위 1년출전 1위  2위  3위 
-------------------------------------------------------------------------------------
강은석   22  1971/11/10  51  2018/05/17    918    79   76   96   198   19   19   23
강형곤   02  1966/02/07  56  2004/03/02   5822   463  528  554   522   42   42   47
구민성   10  1978/08/11  44  2021/07/01    317    28   27   28   249   23   24   23
구영준   06  1972/06/08  50  2014/09/01   1961   113  153  190   207   12   27   28
권승주   33  1964/01/09  58  2012/03/03   4228   418  435  417   431   49   51   42
김길중   24  1963/03/28  59  2004/05/01   3973   252  322  331   253   18   25   19
김병학   07  1960/03/15  62  2004/03/02   4084   267  306  339   241   23   26   22
김영관   19  1960/06/13  62  2004/03/02   6321  1402  867  709   321   54   45   40
김영민   11  1980/03/08  42  2020/04/10    301    28   48   25   187   17   27   19
라이스   31  1976/09/15  46  2013/11/29   2242   304  233  239   324   43   37   37
문현철   03  1980/11/20  42  2022/07/01     23     3    1    3    23    3    1    3
민장기   21  1966/09/09  56  2004/05/01   5196   550  551  502   292   32   26   30
박재호   13  1978/09/20  44  2021/09/29    136     7   10    7   127    7    8    6
방동석   26  1967/12/09  55  2007/10/01   3139   291  283  319   182   18   13   16
백광열   01  1964/11/24  58  2004/03/02   7277   894  802  817   442   46   51   42
손병직   23  1973/11/14  49  2019/08/07    283    21   15   17   111    8    5    9
안우성   15  1974/01/18  48  2014/06/01   2096   263  263  239   282   38   42   30
양귀선   09  1961/11/10  61  2004/03/02   5127   355  394  445   395   48   43   32
울즐리   30  1962/12/24  59  2007/12/20   3829   643  487  395   338   36   27   27
윤영훈   14  1965/03/03  57  2004/03/02   4690   303  378  382   208   12   19   16
이상영   27  1966/02/14  56  2007/10/01   3511   321  312  320   197   28   17   15
이정표   18  1965/03/02  57  2004/03/02   4511   195  282  338   285   11   15   23
임금만   04  1964/03/10  58  2004/03/02   4875   521  550  510   260   20   20   32
임동창   32  1960/05/05  62  2010/07/14   2269   107  123  167   180   13   11   14
장세한   17  1963/06/12  59  2004/03/02   4950   327  367  440   227   17   16   19
조용배   12  1967/03/16  55  2004/03/02   5142   228  311  387   256    8   13   18
최기홍   20  1964/11/09  58  2004/03/02   4516   395  401  392   136   12    9    9
토마스   08  1982/03/05  40  2015/06/01   2160   279  272  227   344   29   22   32
하무선   28  1968/06/15  54  2007/10/01   2445   137  151  204   196   12   12   22
