-------------------------------------------------------------------------------------------------
기수명   조  생년월일   나이 데뷔일자   중량 타조중량 총출전 1위  2위  3위 1년출전 1위  2위  3위 
-------------------------------------------------------------------------------------------------
권오찬   프  1999/11/07  23  2021/07/15  48   48        181    4   12    7  149     4   10    7
김도현   99  1982/01/24  40  2003/07/02  53   53       2244  128  136  148    4     0    0    1
김동영   99  1980/04/06  42  2005/05/04  53   53       4400  412  433  442   85     2    6    6
김명신   99  1981/04/01  41  2005/05/04  52   52       2300   89  157  162    9     0    0    2
김어수   프  1983/07/06  39  2005/05/04  52   52       4070  242  305  343  259    10   14   14
김철호   프  1987/07/20  35  2008/06/18  52   52       2623  217  219  238  152     8    8   12
김태경   99  1966/03/22  56  1990/06/01  51   51       5344  343  409  442   18     1    0    2
김태현   99  1997/01/23  25  2020/07/15  51   51        514   25   29   32  189    10   10   14
김혜선   프  1988/08/31  34  2009/06/01  51   51       4231  348  372  357  417    50   60   40
다실바   프  1978/12/15  43  2016/09/02  53   53       2225  302  296  259  387    58   46   46
모준호   프  1991/12/31  30  2020/07/15  51   51        727   44   53   61  344    18   19   25
박재이   프  1996/02/14  26  2015/06/17  52   52       2195  159  216  222  390    60   49   51
박종호   프  1994/03/09  28  2020/07/15  51   51        274    8    7   14   74     2    2    6
서강주   프  1998/04/11  24  2021/07/15  50   50        340   22   39   46  314    22   38   42
서승운   프  1989/08/30  33  2011/08/24  52   52       3934  612  535  486  364    59   54   45
송경윤   프  1981/03/05  41  2007/05/18  53   53       4719  356  446  453  374    35   32   33
신윤섭   프  1995/01/28  27  2021/07/15  52   52        376   22   22   36  317    17   21   30
유광희   99  1988/09/25  34  2011/08/24  51   51       1568   52  100  118   32     1    3    4
유현명   프  1979/05/20  43  2002/09/13  51   51       7066 1193  936  748  386    76   46   41
윤형석   프  1998/12/16  23  2021/07/15  50   50        275   10   20   21  247    10   18   20
이성재   프  1982/10/18  40  2008/05/14  52   52       4195  326  328  395  384    36   19   39
이아나   99  1989/01/01  33  2011/08/24  50   50       1213   53   53   67    0     0    0    0
이홍락   프  1997/12/17  24  2022/07/01  50   50         60    4    7    3   60     4    7    3
이효식   99  1996/06/04  26  2016/06/18  51   51       1798  246  185  153    0     0    0    0
임성실   프  1981/02/15  41  2002/09/13  56   56       2638  353  295  278  104     7    9   15
전진구   프  1996/03/23  26  2017/06/02  50   50        898   47   64   52  193     3   15    8
정도윤   프  1995/11/20  26  2016/06/18  48   48       1865  154  151  191  204    21   22   22
정동철   프  1990/07/17  32  2011/08/24  48   48       2707  169  181  195  144     6    2    4
정우주   프  1993/01/23  29  2018/06/14  48   48        974   47   50   67  143     2    7    8
조인권   프  1987/01/18  35  2008/06/18  52   52       4561  646  528  490  357    36   52   43
조창욱   99  1980/02/10  42  2005/05/04  53   53       4104  371  351  360    4     0    1    1
진겸     99  1994/07/04  28  2015/06/17  52   52       1938  162  194  199   90     8    9   10
채상현   프  1993/11/21  28  2014/06/05  52   52       1741  127  149  157  214    13   15   17
최시대   프  1980/09/12  42  2007/05/18  51   51       5596  744  652  586  395    56   30   32
최은경   프  1997/02/24  25  2016/06/18  51   51       1485   89  118  134  305    20   20   33
