-------------------------------------------------------------------------------------
조교사명 조  생년월일   나이 데뷔일자    총출전  1위  2위  3위 1년출전 1위  2위  3위 
-------------------------------------------------------------------------------------
강은석   22  1971/11/10  50  2018/05/17    784    65   64   83   297   19   31   28
강형곤   02  1966/02/07  56  2004/03/02   5404   424  499  514   426   24   44   28
구민성   10  1978/08/11  43  2021/07/01    126     6    9    9   126    6    9    9
구영준   06  1972/06/08  49  2014/09/01   1807   105  132  169   254   14   16   22
권승주   33  1964/01/09  58  2012/03/03   3895   378  396  387   388   41   31   42
김길중   24  1963/03/28  58  2004/05/01   3783   239  302  315   259   15   14   14
김병학   07  1960/03/15  61  2004/03/02   3897   251  287  324   209   17   23   20
김영관   19  1960/06/13  61  2004/03/02   6079  1362  832  677   357   67   37   43
김영민   11  1980/03/08  42  2020/04/10    157    16   25    7    45    5    4    1
김재섭   16  1963/09/23  58  2004/03/02   5107   558  470  465   255   19   22   26
라이스   31  1976/09/15  45  2013/11/29   1983   266  204  206   320   47   31   29
민장기   21  1966/09/09  55  2004/05/01   4977   527  529  479   309   40   28   28
박재호   13  1978/09/20  43  2021/09/29     30     1    3    3    30    1    3    3
방동석   26  1967/12/09  54  2007/10/01   3004   280  273  308   224   26   18   14
백광열   01  1964/11/24  57  2004/03/02   6934   854  768  780   448   56   52   46
손병직   23  1973/11/14  48  2019/08/07    184    14   10   10    12    1    0    2
안우성   15  1974/01/18  48  2014/06/01   1896   232  232  218   319   23   38   28
양귀선   09  1961/11/10  60  2004/03/02   4824   319  355  418   378   35   27   38
울즐리   30  1962/12/24  59  2007/12/20   3574   615  464  376   327   31   41   31
유병복   05  1961/01/01  61  2004/03/02   4480   508  468  435   107    5    4    8
윤영훈   14  1965/03/03  57  2004/03/02   4533   294  362  371   202   12   14   15
이상영   27  1966/02/14  56  2007/10/01   3359   299  300  307   187   11   14   16
이정표   18  1965/03/02  57  2004/03/02   4282   186  269  318   237    5    7    4
임금만   04  1964/03/10  58  2004/03/02   4670   504  533  484   279   19   25   23
임동창   32  1960/05/05  61  2010/07/14   2137    97  113  155   201   12    8   10
장세한   17  1963/06/12  58  2004/03/02   4775   316  354  427   227    9   11   19
조용배   12  1967/03/16  54  2004/03/02   4941   222  302  373   262    7   15   14
최기홍   20  1964/11/09  57  2004/03/02   4416   385  392  383   137   12    7    8
토마스   08  1982/03/05  40  2015/06/01   1902   257  253  202   383   41   37   38
하무선   28  1968/06/15  53  2007/10/01   2282   126  140  184    78    3    3    5
