-------------------------------------------------------------------------------------
조교사명 조  생년월일   나이 데뷔일자    총출전  1위  2위  3위 1년출전 1위  2위  3위 
-------------------------------------------------------------------------------------
강은석   22  1971/11/10  50  2018/05/17    849    71   69   88   259   19   27   28
강형곤   02  1966/02/07  56  2004/03/02   5570   444  512  531   447   33   40   36
구민성   10  1978/08/11  43  2021/07/01    205    15   22   15   205   15   22   15
구영준   06  1972/06/08  50  2014/09/01   1869   108  139  180   235   14   21   28
권승주   33  1964/01/09  58  2012/03/03   4026   398  407  398   399   44   34   44
김길중   24  1963/03/28  59  2004/05/01   3865   246  310  322   259   16   19   15
김병학   07  1960/03/15  62  2004/03/02   3972   257  295  330   217   19   27   20
김영관   19  1960/06/13  62  2004/03/02   6184  1379  846  695   356   61   42   48
김영민   11  1980/03/08  42  2020/04/10    214    22   37   12   102   11   16    6
라이스   31  1976/09/15  45  2013/11/29   2097   279  219  221   324   41   33   35
문현철   03  1980/11/20  41  2022/07/01      0     0    0    0     0    0    0    0
민장기   21  1966/09/09  55  2004/05/01   5065   538  535  485   287   35   21   23
박재호   13  1978/09/20  43  2021/09/29     80     4    6    4    80    4    6    4
방동석   26  1967/12/09  54  2007/10/01   3066   286  281  316   210   25   21   19
백광열   01  1964/11/24  57  2004/03/02   7075   872  781  796   439   53   51   45
손병직   23  1973/11/14  48  2019/08/07    219    19   12   14    47    6    2    6
안우성   15  1974/01/18  48  2014/06/01   1981   248  244  229   292   31   40   24
양귀선   09  1961/11/10  60  2004/03/02   4944   330  368  432   362   37   23   41
울즐리   30  1962/12/24  59  2007/12/20   3680   627  474  385   334   33   35   27
유병복   05  1961/01/01  61  2004/03/02   4480   508  468  435    39    4    1    2
윤영훈   14  1965/03/03  57  2004/03/02   4607   297  371  376   207   12   18   15
이상영   27  1966/02/14  56  2007/10/01   3420   306  307  311   189   18   19   15
이정표   18  1965/03/02  57  2004/03/02   4376   190  271  325   238    9    8   11
임금만   04  1964/03/10  58  2004/03/02   4750   508  536  493   268   16   17   22
임동창   32  1960/05/05  62  2010/07/14   2188   101  119  161   186   13   12   13
장세한   17  1963/06/12  59  2004/03/02   4849   319  359  433   213   11   14   20
조용배   12  1967/03/16  55  2004/03/02   5031   225  308  380   259    7   18   17
최기홍   20  1964/11/09  57  2004/03/02   4454   389  396  389   135   13    7   12
토마스   08  1982/03/05  40  2015/06/01   2017   271  265  208   382   44   37   33
하무선   28  1968/06/15  54  2007/10/01   2349   131  146  192   123    8    8   13
