-------------------------------------------------------------------------------------
조교사명 조  생년월일   나이 데뷔일자    총출전  1위  2위  3위 1년출전 1위  2위  3위 
-------------------------------------------------------------------------------------
강성오   09  1966/08/20  55  2018/07/01    550    64   61   46   228   24   24   23
강환민   31  1970/05/26  51  2017/07/01    879   112  103   94   233   21   27   20
곽영효   19  1961/09/24  60  1997/05/28   4680   483  455  411   167   12   18   15
구자흥   07  1963/08/07  58  2010/04/05   1970   153  200  196   132   11    6    5
김동균   52  1975/08/24  46  2012/07/01   2699   275  235  253   346   43   35   42
김동철   53  1974/11/28  47  2016/03/16   1410    81  121  120   246   17   15   17
김윤섭   32  1968/09/20  53  1998/07/02   4995   323  406  422   151    9    6    9
김점오   17  1959/05/20  62  1987/07/10   8680   791  797  751   106    8    6    9
리카디   34  1968/03/02  54  2017/11/26    581    65   77   69   198   23   27   26
박대흥   18  1958/08/07  63  1997/05/28   7058  1008  804  676   324   36   30   26
박병일   27  1964/04/26  57  2011/07/15   1888   163  187  169   222   23   26   14
박윤규   04  1966/09/26  55  2004/07/01   4091   318  359  378   195   19   23   18
박재우   50  1970/01/02  52  2011/01/26   3200   432  350  314   401   40   47   40
박종곤   01  1962/08/26  59  1997/09/04   4659   487  429  448   264   49   26   30
박천서   54  1963/06/08  58  2003/03/05   4413   418  412  418   200   11   10   16
박희철   15  1961/06/26  60  2002/07/01   5094   381  433  444   133    9    5   10
배대선   20  1960/04/02  61  1995/06/26   7774   859  823  814   214   18   12   20
배휴준   29  1966/09/25  55  2005/07/01   4517   316  371  387   209    6   15   10
서범석   12  1964/07/26  57  1999/07/01   4934   438  452  446   245   12   24   15
서인석   33  1968/11/20  53  2010/12/09   4554   414  454  434   472   46   44   39
서정하   43  1958/12/22  63  2004/09/01   2837   162  218  218    88    0    2    6
서홍수   24  1964/01/04  58  2008/09/24   2320   203  207  221   268   29   26   38
손영표   02  1966/11/14  55  2006/07/27   2916   230  224  199   180    8   13    7
송문길   40  1971/03/22  51  2013/07/01   2270   327  270  239   351   40   39   36
신삼영   41  1963/11/06  58  2010/07/01   2222   204  197  200   187    9   18   15
심승태   37  1978/02/14  44  2012/05/04   2266   172  207  196   130    5    2    5
안병기   22  1966/01/20  56  2008/07/01   3967   408  363  373   394   31   28   33
안해양   26  1961/07/24  60  1999/08/26   4317   384  346  363   224   15   24   16
우창구   05  1963/04/28  58  2008/07/01   3179   321  274  273   220   31   19   22
유재길   23  1961/07/16  60  2000/04/07   5651   410  435  483   179    6    9   12
이관호   42  1966/08/21  55  2013/11/01   2315   248  206  243   406   33   27   43
이신영   14  1980/04/12  41  2011/07/01   2531   332  215  245   250   22   16   22
이준철   48  1980/02/23  42  2021/07/01    106    19   13   13   106   19   13   13
이희영   13  1960/08/16  61  1986/12/04   8390   664  732  749   162   11   16   15
임봉춘   21  1959/04/14  62  2002/08/22   5214   418  450  516   347   26   41   28
임채덕   35  1970/07/09  51  2020/07/01    212     4    9   13   141    4    9   11
전승규   25  1963/10/04  58  2017/04/26    790   125  100   81   216   26   22   22
정호익   10  1965/03/08  57  2006/03/04   5002   518  526  507   354   37   35   27
조현수   11  1970/04/25  51  2018/07/01    794    31   53   65   250    7   13   16
지용철   49  1959/06/27  62  1986/11/20  12403   928 1075 1114   365   22   21   26
최봉주   16  1962/11/19  59  2007/03/08   2876   210  217  229   270   11   14   17
최상식   28  1960/02/25  62  1993/07/13   6212   472  507  536   189   11   13   18
최영주   03  1966/09/03  55  1997/11/19   4900   361  378  360   127    8    5   10
최용건   51  1967/08/09  54  2020/07/01    313    31   20   24   238   23   11   17
최용구   08  1965/10/08  56  2012/07/01   1731   200  178  157   178   15   13   14
토니     30  1974/04/10  47  2019/09/01    343    25   37   36   179   10   18   17
홍대유   06  1963/01/15  59  2006/07/01   3909   334  340  339   354   33   41   25
