-------------------------------------------------------------------------------------
조교사명 조  생년월일   나이 데뷔일자    총출전  1위  2위  3위 1년출전 1위  2위  3위 
-------------------------------------------------------------------------------------
강성오   09  1966/08/20  55  2018/07/01    578    66   65   48   224   24   25   22
강환민   31  1970/05/26  51  2017/07/01    912   117  107  103   239   22   25   27
곽영효   19  1961/09/24  60  1997/05/28   4706   488  459  414   174   16   21   18
구자흥   07  1963/08/07  58  2010/04/05   1981   153  200  198   122   10    4    6
김동균   52  1975/08/24  46  2012/07/01   2742   281  239  259   355   44   33   41
김동철   53  1974/11/28  47  2016/03/16   1435    82  122  122   244   17   13   17
김윤섭   32  1968/09/20  53  1998/07/02   5013   323  407  423   151    9    7    8
김점오   17  1959/05/20  62  1987/07/10   8687   791  798  751    97    8    7    9
리카디   34  1968/03/02  54  2017/11/26    605    75   79   70   199   31   26   24
박대흥   18  1958/08/07  63  1997/05/28   7088  1013  806  678   308   37   31   22
박병일   27  1964/04/26  58  2011/07/15   1913   165  190  177   218   22   28   21
박윤규   04  1966/09/26  55  2004/07/01   4111   321  361  379   191   19   23   18
박재우   50  1970/01/02  52  2011/01/26   3246   436  359  317   397   37   47   37
박종곤   01  1962/08/26  59  1997/09/04   4690   490  433  450   260   44   27   27
박천서   54  1963/06/08  58  2003/03/05   4433   420  414  420   194   13   12   15
박희철   15  1961/06/26  60  2002/07/01   5109   382  435  444   133   10    7    9
배대선   20  1960/04/02  62  1995/06/26   7796   861  824  816   204   19   13   20
배휴준   29  1966/09/25  55  2005/07/01   4541   317  372  388   204    7   14   11
서범석   12  1964/07/26  57  1999/07/01   4965   439  452  450   246   11   22   17
서인석   33  1968/11/20  53  2010/12/09   4608   416  458  439   471   45   43   42
서정하   43  1958/12/22  63  2004/09/01   2843   162  218  219    81    0    1    7
서홍수   24  1964/01/04  58  2008/09/24   2348   205  211  223   269   31   29   37
손영표   02  1966/11/14  55  2006/07/27   2937   231  226  199   183    8   14    7
송문길   40  1971/03/22  51  2013/07/01   2306   335  272  242   338   39   35   35
신삼영   41  1963/11/06  58  2010/07/01   2240   205  198  201   180   10   16   16
심승태   37  1978/02/14  44  2012/05/04   2286   173  208  198   135    6    3    5
안병기   22  1966/01/20  56  2008/07/01   4009   411  367  374   392   28   30   32
안해양   26  1961/07/24  60  1999/08/26   4340   385  348  366   217   15   24   19
우창구   05  1963/04/28  59  2008/07/01   3200   323  275  277   213   32   18   21
유재길   23  1961/07/16  60  2000/04/07   5666   411  438  483   175    7   10   11
이관호   42  1966/08/21  55  2013/11/01   2374   255  214  253   418   35   34   52
이신영   14  1980/04/12  42  2011/07/01   2559   334  217  247   246   20   16   21
이준철   48  1980/02/23  42  2021/07/01    124    23   16   18   124   23   16   18
이희영   13  1960/08/16  61  1986/12/04   8406   667  732  750   159   13   14   15
임봉춘   21  1959/04/14  63  2002/08/22   5259   421  453  522   345   24   39   31
임채덕   35  1970/07/09  51  2020/07/01    228     5   10   13   146    5   10   11
전승규   25  1963/10/04  58  2017/04/26    815   129  105   83   217   26   26   21
정호익   10  1965/03/08  57  2006/03/04   5045   520  532  513   356   36   37   30
조현수   11  1970/04/25  52  2018/07/01    827    33   55   69   249    7   14   18
지용철   49  1959/06/27  62  1986/11/20  12454   930 1079 1119   376   22   22   26
최봉주   16  1962/11/19  59  2007/03/08   2902   212  219  230   248   12   14   11
최상식   28  1960/02/25  62  1993/07/13   6234   473  511  538   190   10   16   18
최영주   03  1966/09/03  55  1997/11/19   4919   362  378  360   126    8    4    9
최용건   51  1967/08/09  54  2020/07/01    343    33   22   26   246   23   12   17
최용구   08  1965/10/08  56  2012/07/01   1748   202  181  158   178   16   16   15
토니     30  1974/04/10  48  2019/09/01    374    29   40   37   188   14   19   15
홍대유   06  1963/01/15  59  2006/07/01   3953   337  346  341   355   33   40   24
