-------------------------------------------------------------------------------------
조교사명 조  생년월일   나이 데뷔일자    총출전  1위  2위  3위 1년출전 1위  2위  3위 
-------------------------------------------------------------------------------------
강성오   09  1966/08/20  56  2018/07/01    660    77   78   57   226   25   28   22
강환민   31  1970/05/26  52  2017/07/01    987   123  114  111   240   22   25   29
곽영효   19  1961/09/24  60  1997/05/28   4785   493  469  421   203   17   27   22
구자흥   07  1963/08/07  59  2010/04/05   2033   155  203  201   126    6    7    8
김동균   52  1975/08/24  47  2012/07/01   2845   288  250  268   349   32   35   38
김동철   53  1974/11/28  47  2016/03/16   1517    85  131  128   236   12   17   14
김윤섭   32  1968/09/20  53  1998/07/02   5073   325  411  426   158    9   10    8
리카디   34  1968/03/02  54  2017/11/26    684    89   96   75   221   36   36   21
문병기   21  1968/08/07  54  2022/07/01     33     4    4    0    33    4    4    0
박병일   27  1964/04/26  58  2011/07/15   1982   171  195  183   224   20   24   21
박윤규   04  1966/09/26  55  2004/07/01   4183   329  368  382   205   20   25   16
박재우   50  1970/01/02  52  2011/01/26   3370   452  371  328   389   38   45   34
박종곤   01  1962/08/26  60  1997/09/04   4770   507  446  459   262   47   28   24
박천서   54  1963/06/08  59  2003/03/05   4494   428  418  428   200   16   13   22
박희철   15  1961/06/26  61  2002/07/01   5161   385  437  451   138   10    5    9
배대선   20  1960/04/02  62  1995/06/26   7854   868  831  821   171   21   14   14
배휴준   29  1966/09/25  55  2005/07/01   4601   320  376  392   195    8   13    9
서범석   12  1964/07/26  58  1999/07/01   5029   444  458  452   228   13   17   14
서인석   33  1968/11/20  53  2010/12/09   4749   435  474  455   458   42   42   46
서홍수   24  1964/01/04  58  2008/09/24   2447   219  222  237   270   37   29   40
손영표   02  1966/11/14  55  2006/07/27   2992   233  231  204   176    7   14    8
송문길   40  1971/03/22  51  2013/07/01   2400   351  281  249   321   45   32   33
신삼영   41  1963/11/06  58  2010/07/01   2285   209  200  204   172   10   10   17
심승태   37  1978/02/14  44  2012/05/04   2346   178  213  203   157   10    7   10
안병기   22  1966/01/20  56  2008/07/01   4120   418  380  382   374   29   31   30
안해양   26  1961/07/24  61  1999/08/26   4417   393  358  373   217   20   26   18
우창구   05  1963/04/28  59  2008/07/01   3257   326  282  283   193   20   16   22
유재길   23  1961/07/16  61  2000/04/07   5728   414  443  488   175    8   13   12
이관호   42  1966/08/21  56  2013/11/01   2505   268  226  269   417   33   34   55
이신영   14  1980/04/12  42  2011/07/01   2622   344  218  253   228   25   11   22
이준철   48  1980/02/23  42  2021/07/01    168    29   24   23   147   24   20   21
이희영   13  1960/08/16  62  1986/12/04   8459   673  741  756   164   18   20   18
임채덕   35  1970/07/09  52  2020/07/01    293     7   14   18   173    6   10   14
전승규   25  1963/10/04  58  2017/04/26    877   133  108   92   218   20   22   25
정호익   10  1965/03/08  57  2006/03/04   5162   528  544  532   363   33   37   37
조현수   11  1970/04/25  52  2018/07/01    912    39   59   75   241   11   14   18
최봉주   16  1962/11/19  59  2007/03/08   2972   217  224  239   217   13   16   16
최상식   28  1960/02/25  62  1993/07/13   6294   480  514  544   190   14   13   21
최영주   03  1966/09/03  56  1997/11/19   4961   366  381  364   132   12    4    9
최용건   51  1967/08/09  55  2020/07/01    429    45   30   36   248   29   16   16
최용구   08  1965/10/08  56  2012/07/01   1797   205  188  167   168   15   19   18
토니     30  1974/04/10  48  2019/09/01    431    36   48   47   190   14   20   15
홍대유   06  1963/01/15  59  2006/07/01   4068   351  351  351   355   36   36   22
