-------------------------------------------------------------------------------------
조교사명 조  생년월일   나이 데뷔일자    총출전  1위  2위  3위 1년출전 1위  2위  3위 
-------------------------------------------------------------------------------------
강은석   22  1971/11/10  50  2018/05/17    779    65   63   82   305   19   30   28
강형곤   02  1966/02/07  56  2004/03/02   5387   422  494  512   425   24   41   27
구민성   10  1978/08/11  43  2021/07/01    118     6    7    7   118    6    7    7
구영준   06  1972/06/08  49  2014/09/01   1800   104  131  169   252   13   15   22
권승주   33  1964/01/09  58  2012/03/03   3876   375  394  384   381   40   30   39
김길중   24  1963/03/28  58  2004/05/01   3773   239  301  315   261   15   14   14
김병학   07  1960/03/15  61  2004/03/02   3886   249  284  324   205   15   22   20
김영관   19  1960/06/13  61  2004/03/02   6063  1360  831  675   358   68   36   44
김영민   11  1980/03/08  41  2020/04/10    154    16   24    7    42    5    3    1
김재섭   16  1963/09/23  58  2004/03/02   5098   557  470  464   250   18   22   25
라이스   31  1976/09/15  45  2013/11/29   1973   266  204  204   321   48   31   29
민장기   21  1966/09/09  55  2004/05/01   4966   525  528  478   306   38   27   29
박재호   13  1978/09/20  43  2021/09/29     24     0    3    2    24    0    3    2
방동석   26  1967/12/09  54  2007/10/01   2999   280  272  307   227   27   20   14
백광열   01  1964/11/24  57  2004/03/02   6913   852  765  780   442   57   50   46
손병직   23  1973/11/14  48  2019/08/07    181    14   10    9     9    1    0    1
안우성   15  1974/01/18  48  2014/06/01   1882   230  231  214   313   21   38   26
양귀선   09  1961/11/10  60  2004/03/02   4807   318  354  417   369   35   28   38
울즐리   30  1962/12/24  59  2007/12/20   3561   613  464  375   324   31   41   32
유병복   05  1961/01/01  61  2004/03/02   4480   508  468  435   114    5    4    9
윤영훈   14  1965/03/03  56  2004/03/02   4525   294  360  371   200   12   13   15
이상영   27  1966/02/14  56  2007/10/01   3355   299  299  307   191   11   13   16
이정표   18  1965/03/02  56  2004/03/02   4269   186  269  317   233    5    8    3
임금만   04  1964/03/10  57  2004/03/02   4667   504  532  484   288   21   25   25
임동창   32  1960/05/05  61  2010/07/14   2131    97  113  155   206   13    9   11
장세한   17  1963/06/12  58  2004/03/02   4769   314  354  427   228    7   11   19
조용배   12  1967/03/16  54  2004/03/02   4930   221  302  371   262    6   15   13
최기홍   20  1964/11/09  57  2004/03/02   4408   383  392  383   137   10    8    8
토마스   08  1982/03/05  39  2015/06/01   1889   255  253  201   385   41   39   37
하무선   28  1968/06/15  53  2007/10/01   2275   126  140  183    75    3    3    4
