-------------------------------------------------------------------------------------------------
기수명   조  생년월일   나이 데뷔일자   중량 타조중량 총출전 1위  2위  3위 1년출전 1위  2위  3위 
-------------------------------------------------------------------------------------------------
권오찬   프  1999/11/07  22  2021/07/15  48   48        173    4   11    7  155     4   10    7
김도현   99  1982/01/24  40  2003/07/02  53   53       2244  128  136  148    6     0    0    1
김동영   99  1980/04/06  42  2005/05/04  53   53       4400  412  433  442   85     2    6    6
김명신   99  1981/04/01  41  2005/05/04  52   52       2300   89  157  162   15     1    0    2
김어수   프  1983/07/06  39  2005/05/04  52   52       4046  241  304  342  254    10   15   16
김철호   프  1987/07/20  35  2008/06/18  52   52       2599  217  219  237  128     8    8   11
김태경   99  1966/03/22  56  1990/06/01  51   51       5344  343  409  442   29     2    0    2
김태현   99  1997/01/23  25  2020/07/15  51   51        514   25   29   32  207    10   11   15
김혜선   프  1988/08/31  34  2009/06/01  51   51       4199  343  368  356  420    47   64   42
다실바   프  1978/12/15  43  2016/09/02  53   53       2206  295  295  256  408    58   49   47
모준호   프  1991/12/31  30  2020/07/15  51   51        706   42   52   60  361    17   22   29
박재이   프  1996/02/14  26  2015/06/17  52   52       2159  157  210  215  378    61   45   46
박종호   프  1994/03/09  28  2020/07/15  51   51        265    8    7   14   73     2    2    6
서강주   프  1998/04/11  24  2021/07/15  50   50        297   17   30   40  285    17   30   39
서승운   프  1989/08/30  33  2011/08/24  52   52       3902  608  532  481  352    59   55   40
송경윤   프  1981/03/05  41  2007/05/18  53   53       4678  352  443  452  359    34   29   33
신윤섭   프  1995/01/28  27  2021/07/15  52   52        358   22   21   34  318    18   20   31
유광희   99  1988/09/25  34  2011/08/24  51   51       1568   52  100  118   49     2    4    5
유현명   프  1979/05/20  43  2002/09/13  51   51       7040 1190  932  743  378    76   45   39
윤형석   프  1998/12/16  23  2021/07/15  50   50        248    7   18   18  230     7   17   18
이성재   프  1982/10/18  39  2008/05/14  52   52       4163  324  325  391  372    35   16   38
이아나   99  1989/01/01  33  2011/08/24  50   50       1213   53   53   67    0     0    0    0
이홍락   프  1997/12/17  24  2022/07/01  50   50         30    1    4    1   30     1    4    1
이효식   99  1996/06/04  26  2016/06/18  51   51       1798  246  185  153    0     0    0    0
임성실   프  1981/02/15  41  2002/09/13  56   56       2630  352  295  278  109     9   10   17
전진구   프  1996/03/23  26  2017/06/02  50   50        882   47   64   52  190     3   15    8
정도윤   프  1995/11/20  26  2016/06/18  48   48       1829  150  146  184  168    17   17   15
정동철   프  1990/07/17  32  2011/08/24  48   48       2690  166  181  195  152     3    2    6
정우주   프  1993/01/23  29  2018/06/14  48   48        959   47   49   65  148     3    6    8
조인권   프  1987/01/18  35  2008/06/18  52   52       4540  645  526  487  368    38   55   42
조창욱   99  1980/02/10  42  2005/05/04  53   53       4104  371  351  360    5     1    1    1
진겸     99  1994/07/04  28  2015/06/17  52   52       1938  162  194  199  113    13   12   15
채상현   프  1993/11/21  28  2014/06/05  52   52       1704  125  147  155  177    11   13   15
최시대   프  1980/09/12  42  2007/05/18  51   51       5557  739  648  582  381    55   28   30
최은경   프  1997/02/24  25  2016/06/18  51   51       1466   89  116  133  309    21   20   33
