-------------------------------------------------------------------------------------
조교사명 조  생년월일   나이 데뷔일자    총출전  1위  2위  3위 1년출전 1위  2위  3위 
-------------------------------------------------------------------------------------
강은석   22  1971/11/10  50  2018/05/17    851    71   69   89   251   19   27   27
강형곤   02  1966/02/07  56  2004/03/02   5582   446  512  533   453   35   40   37
구민성   10  1978/08/11  43  2021/07/01    209    15   22   15   209   15   22   15
구영준   06  1972/06/08  50  2014/09/01   1874   108  139  181   234   14   21   27
권승주   33  1964/01/09  58  2012/03/03   4033   398  409  398   401   44   36   44
김길중   24  1963/03/28  59  2004/05/01   3873   247  311  323   262   17   20   16
김병학   07  1960/03/15  62  2004/03/02   3977   257  295  330   218   19   27   20
김영관   19  1960/06/13  62  2004/03/02   6190  1379  848  695   351   60   44   47
김영민   11  1980/03/08  42  2020/04/10    216    22   37   12   104   11   16    6
라이스   31  1976/09/15  45  2013/11/29   2102   281  221  221   324   42   34   34
문현철   03  1980/11/20  41  2022/07/01      0     0    0    0     0    0    0    0
민장기   21  1966/09/09  55  2004/05/01   5070   539  536  485   288   35   22   23
박재호   13  1978/09/20  43  2021/09/29     82     4    7    4    82    4    7    4
방동석   26  1967/12/09  54  2007/10/01   3067   286  281  316   209   25   21   19
백광열   01  1964/11/24  57  2004/03/02   7082   872  782  798   436   53   48   45
손병직   23  1973/11/14  48  2019/08/07    222    19   12   15    50    6    2    7
안우성   15  1974/01/18  48  2014/06/01   1984   248  244  230   289   30   39   24
양귀선   09  1961/11/10  60  2004/03/02   4952   331  368  433   362   37   23   42
울즐리   30  1962/12/24  59  2007/12/20   3687   628  475  386   331   31   34   28
유병복   05  1961/01/01  61  2004/03/02   4480   508  468  435    35    3    1    2
윤영훈   14  1965/03/03  57  2004/03/02   4609   297  371  376   205   11   18   15
이상영   27  1966/02/14  56  2007/10/01   3425   306  307  312   192   18   19   16
이정표   18  1965/03/02  57  2004/03/02   4377   190  271  325   237    9    8   11
임금만   04  1964/03/10  58  2004/03/02   4756   511  537  493   270   18   17   22
임동창   32  1960/05/05  62  2010/07/14   2189   101  119  162   184   13   12   14
장세한   17  1963/06/12  59  2004/03/02   4851   319  359  433   212   10   14   20
조용배   12  1967/03/16  55  2004/03/02   5035   226  308  380   260    8   18   17
최기홍   20  1964/11/09  57  2004/03/02   4456   390  396  389   133   14    7   12
토마스   08  1982/03/05  40  2015/06/01   2024   272  266  209   377   44   36   33
하무선   28  1968/06/15  54  2007/10/01   2351   131  146  192   125    8    8   13
