-------------------------------------------------------------------------------------
조교사명 조  생년월일   나이 데뷔일자    총출전  1위  2위  3위 1년출전 1위  2위  3위 
-------------------------------------------------------------------------------------
강은석   22  1971/11/10  50  2018/05/17    897    78   73   94   216   21   20   26
강형곤   02  1966/02/07  56  2004/03/02   5736   454  521  546   497   36   40   41
구민성   10  1978/08/11  44  2021/07/01    280    22   25   25   246   20   25   24
구영준   06  1972/06/08  50  2014/09/01   1933   113  151  187   215   18   30   26
권승주   33  1964/01/09  58  2012/03/03   4159   413  427  409   421   50   47   40
김길중   24  1963/03/28  59  2004/05/01   3944   251  318  328   268   18   22   20
김병학   07  1960/03/15  62  2004/03/02   4051   263  302  335   236   20   27   21
김영관   19  1960/06/13  62  2004/03/02   6273  1396  862  706   321   58   46   41
김영민   11  1980/03/08  42  2020/04/10    273    27   40   22   161   16   19   16
라이스   31  1976/09/15  46  2013/11/29   2194   298  230  234   326   42   37   38
문현철   03  1980/11/20  41  2022/07/01      9     1    1    1     9    1    1    1
민장기   21  1966/09/09  56  2004/05/01   5149   546  545  496   286   33   23   27
박재호   13  1978/09/20  44  2021/09/29    115     5    9    6   115    5    9    6
방동석   26  1967/12/09  54  2007/10/01   3115   288  283  318   188   20   16   16
백광열   01  1964/11/24  57  2004/03/02   7207   884  798  809   435   48   54   40
손병직   23  1973/11/14  48  2019/08/07    263    21   13   16    91    8    3    8
안우성   15  1974/01/18  48  2014/06/01   2050   256  253  237   278   36   36   30
양귀선   09  1961/11/10  60  2004/03/02   5062   346  388  442   386   45   37   41
울즐리   30  1962/12/24  59  2007/12/20   3780   642  482  392   340   37   25   29
윤영훈   14  1965/03/03  57  2004/03/02   4658   300  376  380   214   10   21   17
이상영   27  1966/02/14  56  2007/10/01   3483   317  310  319   199   26   20   18
이정표   18  1965/03/02  57  2004/03/02   4466   193  276  334   278   11   11   19
임금만   04  1964/03/10  58  2004/03/02   4830   516  546  501   255   18   17   27
임동창   32  1960/05/05  62  2010/07/14   2240   103  123  163   183   13   15   11
장세한   17  1963/06/12  59  2004/03/02   4911   323  362  439   218   13   13   21
조용배   12  1967/03/16  55  2004/03/02   5103   227  309  383   259    9   16   14
최기홍   20  1964/11/09  57  2004/03/02   4496   393  401  391   134   12   10    9
토마스   08  1982/03/05  40  2015/06/01   2120   277  270  222   366   30   30   33
하무선   28  1968/06/15  54  2007/10/01   2406   136  150  197   168   12   11   17
