-------------------------------------------------------------------------------------
조교사명 조  생년월일   나이 데뷔일자    총출전  1위  2위  3위 1년출전 1위  2위  3위 
-------------------------------------------------------------------------------------
강은석   22  1971/11/10  51  2018/05/17    907    78   75   95   202   19   19   24
강형곤   02  1966/02/07  56  2004/03/02   5787   459  526  551   513   38   41   45
구민성   10  1978/08/11  44  2021/07/01    299    26   26   28   246   22   24   25
구영준   06  1972/06/08  50  2014/09/01   1949   113  151  188   211   16   27   27
권승주   33  1964/01/09  58  2012/03/03   4201   416  431  414   428   48   50   41
김길중   24  1963/03/28  59  2004/05/01   3959   252  319  330   258   18   23   21
김병학   07  1960/03/15  62  2004/03/02   4071   267  303  336   243   23   26   22
김영관   19  1960/06/13  62  2004/03/02   6298  1399  865  707   319   54   46   42
김영민   11  1980/03/08  42  2020/04/10    287    28   44   23   175   17   23   17
라이스   31  1976/09/15  46  2013/11/29   2221   303  232  237   328   46   37   37
문현철   03  1980/11/20  42  2022/07/01     16     2    1    1    16    2    1    1
민장기   21  1966/09/09  56  2004/05/01   5178   548  549  501   294   33   25   29
박재호   13  1978/09/20  44  2021/09/29    127     6    9    7   121    6    8    6
방동석   26  1967/12/09  54  2007/10/01   3129   290  283  318   187   19   14   16
백광열   01  1964/11/24  58  2004/03/02   7249   890  802  813   439   48   55   41
손병직   23  1973/11/14  49  2019/08/07    274    21   14   17   102    8    4    9
안우성   15  1974/01/18  48  2014/06/01   2074   258  260  238   277   33   41   29
양귀선   09  1961/11/10  61  2004/03/02   5101   351  392  443   390   46   41   34
울즐리   30  1962/12/24  59  2007/12/20   3813   643  483  394   345   36   24   30
윤영훈   14  1965/03/03  57  2004/03/02   4670   301  376  381   208   11   20   15
이상영   27  1966/02/14  56  2007/10/01   3500   320  312  320   202   28   19   18
이정표   18  1965/03/02  57  2004/03/02   4490   194  281  336   281   12   16   21
임금만   04  1964/03/10  58  2004/03/02   4861   518  550  507   264   18   20   31
임동창   32  1960/05/05  62  2010/07/14   2255   104  123  165   180   13   11   12
장세한   17  1963/06/12  59  2004/03/02   4935   326  364  440   222   16   15   20
조용배   12  1967/03/16  55  2004/03/02   5124   227  310  384   253    9   15   15
최기홍   20  1964/11/09  58  2004/03/02   4507   394  401  392   135   12    9   10
토마스   08  1982/03/05  40  2015/06/01   2142   278  271  225   353   31   23   30
하무선   28  1968/06/15  54  2007/10/01   2429   136  151  202   186   11   12   21
