-------------------------------------------------------------------------------------
조교사명 조  생년월일   나이 데뷔일자    총출전  1위  2위  3위 1년출전 1위  2위  3위 
-------------------------------------------------------------------------------------
강성오   09  1966/08/20  56  2018/07/01    688    79   80   60   239   25   29   23
강환민   31  1970/05/26  52  2017/07/01   1021   125  114  116   258   21   25   32
곽영효   19  1961/09/24  61  1997/05/28   4816   499  474  422   224   21   31   23
구자흥   07  1963/08/07  59  2010/04/05   2051   155  207  203   135    5   10    9
김동균   52  1975/08/24  47  2012/07/01   2879   291  254  268   358   31   36   37
김동철   53  1974/11/28  47  2016/03/16   1547    87  131  130   241   13   15   16
김윤섭   32  1968/09/20  54  1998/07/02   5093   326  411  428   168    9    8    8
리카디   34  1968/03/02  54  2017/11/26    708    93  100   79   227   40   35   22
문병기   21  1968/08/07  54  2022/07/01     51     6    8    4    51    6    8    4
박병일   27  1964/04/26  58  2011/07/15   2001   172  199  185   224   18   26   23
박윤규   04  1966/09/26  56  2004/07/01   4215   331  369  385   222   22   25   17
박재우   50  1970/01/02  52  2011/01/26   3405   458  376  331   396   39   47   34
박종곤   01  1962/08/26  60  1997/09/04   4806   511  449  460   274   50   28   23
박천서   54  1963/06/08  59  2003/03/05   4510   429  420  431   202   17   15   22
박희철   15  1961/06/26  61  2002/07/01   5175   386  437  453   140   10    4   11
배대선   20  1960/04/02  62  1995/06/26   7879   871  839  822   178   21   21   15
배휴준   29  1966/09/25  56  2005/07/01   4623   320  378  395   202    8   13   11
서범석   12  1964/07/26  58  1999/07/01   5056   445  461  455   239   13   20   15
서인석   33  1968/11/20  53  2010/12/09   4798   441  477  460   468   46   44   47
서홍수   24  1964/01/04  58  2008/09/24   2487   226  225  238   288   42   27   39
손영표   02  1966/11/14  55  2006/07/27   3013   233  232  206   187    5   13   10
송문길   40  1971/03/22  51  2013/07/01   2430   351  288  254   319   42   36   36
신삼영   41  1963/11/06  58  2010/07/01   2304   213  200  206   177   14    8   16
심승태   37  1978/02/14  44  2012/05/04   2366   179  214  204   169   10    8   11
안병기   22  1966/01/20  56  2008/07/01   4158   420  382  383   381   28   32   26
안해양   26  1961/07/24  61  1999/08/26   4443   396  361  378   227   22   28   22
우창구   05  1963/04/28  59  2008/07/01   3278   327  283  286   198   17   16   24
유재길   23  1961/07/16  61  2000/04/07   5749   415  443  491   182    9   12   15
이관호   42  1966/08/21  56  2013/11/01   2550   270  227  274   426   35   31   57
이신영   14  1980/04/12  42  2011/07/01   2644   345  221  253   234   25   13   19
이준철   48  1980/02/23  42  2021/07/01    184    33   26   23   151   25   19   19
이희영   13  1960/08/16  62  1986/12/04   8477   676  742  758   168   20   20   20
임채덕   35  1970/07/09  52  2020/07/01    318     7   15   21   185    5   11   16
전승규   25  1963/10/04  59  2017/04/26    903   140  110   94   230   27   24   27
정호익   10  1965/03/08  57  2006/03/04   5204   531  549  536   380   35   40   39
조현수   11  1970/04/25  52  2018/07/01    934    39   61   75   246   10   16   16
최봉주   16  1962/11/19  59  2007/03/08   2991   219  226  240   214   14   16   16
최상식   28  1960/02/25  62  1993/07/13   6314   484  516  545   194   17   14   18
최영주   03  1966/09/03  56  1997/11/19   4982   370  384  365   146   15    7    8
최용건   51  1967/08/09  55  2020/07/01    462    46   32   39   264   29   18   18
최용구   08  1965/10/08  57  2012/07/01   1811   208  191  168   163   15   20   17
토니     30  1974/04/10  48  2019/09/01    452    38   49   50   196   14   19   17
홍대유   06  1963/01/15  59  2006/07/01   4103   354  355  355   360   35   37   24
