-------------------------------------------------------------------------------------
조교사명 조  생년월일   나이 데뷔일자    총출전  1위  2위  3위 1년출전 1위  2위  3위 
-------------------------------------------------------------------------------------
강은석   22  1971/11/10  50  2018/05/17    807    66   65   85   299   20   31   29
강형곤   02  1966/02/07  56  2004/03/02   5435   427  503  516   426   24   44   27
구민성   10  1978/08/11  43  2021/07/01    147     7   13   10   147    7   13   10
구영준   06  1972/06/08  49  2014/09/01   1821   105  134  171   249   14   18   23
권승주   33  1964/01/09  58  2012/03/03   3931   383  399  389   398   41   32   43
김길중   24  1963/03/28  59  2004/05/01   3800   240  303  318   251   14   14   16
김병학   07  1960/03/15  62  2004/03/02   3914   252  288  324   213   18   23   19
김영관   19  1960/06/13  61  2004/03/02   6101  1367  838  678   356   69   42   41
김영민   11  1980/03/08  42  2020/04/10    174    16   30    9    62    5    9    3
김재섭   16  1963/09/23  58  2004/03/02   5122   560  470  467   253   20   20   25
라이스   31  1976/09/15  45  2013/11/29   2008   267  206  211   325   47   31   32
민장기   21  1966/09/09  55  2004/05/01   4995   531  531  479   297   38   25   26
박재호   13  1978/09/20  43  2021/09/29     40     4    4    3    40    4    4    3
방동석   26  1967/12/09  54  2007/10/01   3022   281  277  312   228   26   21   17
백광열   01  1964/11/24  57  2004/03/02   6975   862  770  785   457   60   53   47
손병직   23  1973/11/14  48  2019/08/07    190    15   11   10    18    2    1    2
안우성   15  1974/01/18  48  2014/06/01   1921   239  234  222   321   27   38   30
양귀선   09  1961/11/10  60  2004/03/02   4850   321  357  422   370   34   23   39
울즐리   30  1962/12/24  59  2007/12/20   3600   616  468  380   338   30   43   34
유병복   05  1961/01/01  61  2004/03/02   4480   508  468  435    90    4    4    4
윤영훈   14  1965/03/03  57  2004/03/02   4553   295  363  372   209   13   13   16
이상영   27  1966/02/14  56  2007/10/01   3372   300  301  308   181   12   14   17
이정표   18  1965/03/02  57  2004/03/02   4300   186  269  319   235    5    7    5
임금만   04  1964/03/10  58  2004/03/02   4685   505  533  485   275   18   22   23
임동창   32  1960/05/05  61  2010/07/14   2145    98  115  155   201   13   10   10
장세한   17  1963/06/12  58  2004/03/02   4792   316  354  429   220    9   11   20
조용배   12  1967/03/16  55  2004/03/02   4961   223  303  378   261    8   15   19
최기홍   20  1964/11/09  57  2004/03/02   4426   386  393  384   136   12    7    8
토마스   08  1982/03/05  40  2015/06/01   1928   260  254  202   387   42   36   37
하무선   28  1968/06/15  53  2007/10/01   2293   126  141  184    83    3    4    5
