-------------------------------------------------------------------------------------
조교사명 조  생년월일   나이 데뷔일자    총출전  1위  2위  3위 1년출전 1위  2위  3위 
-------------------------------------------------------------------------------------
강은석   22  1971/11/10  50  2018/05/17    813    66   66   85   299   19   32   29
강형곤   02  1966/02/07  56  2004/03/02   5444   428  504  518   425   25   44   29
구민성   10  1978/08/11  43  2021/07/01    150     8   14   10   150    8   14   10
구영준   06  1972/06/08  49  2014/09/01   1823   105  134  172   245   14   18   22
권승주   33  1964/01/09  58  2012/03/03   3936   384  399  390   398   42   31   44
김길중   24  1963/03/28  59  2004/05/01   3808   240  304  319   256   14   15   16
김병학   07  1960/03/15  62  2004/03/02   3918   252  289  324   210   18   23   19
김영관   19  1960/06/13  61  2004/03/02   6110  1369  839  680   360   70   43   42
김영민   11  1980/03/08  42  2020/04/10    178    16   30   10    66    5    9    4
김재섭   16  1963/09/23  58  2004/03/02   5122   560  470  467   252   20   20   24
라이스   31  1976/09/15  45  2013/11/29   2015   267  206  212   324   47   29   33
민장기   21  1966/09/09  55  2004/05/01   5002   533  531  479   297   37   25   26
박재호   13  1978/09/20  43  2021/09/29     43     4    4    3    43    4    4    3
방동석   26  1967/12/09  54  2007/10/01   3027   282  278  312   227   26   22   16
백광열   01  1964/11/24  57  2004/03/02   6985   862  770  785   456   57   52   47
손병직   23  1973/11/14  48  2019/08/07    191    15   11   11    19    2    1    3
안우성   15  1974/01/18  48  2014/06/01   1930   240  236  223   322   27   40   30
양귀선   09  1961/11/10  60  2004/03/02   4856   322  357  423   369   35   21   40
울즐리   30  1962/12/24  59  2007/12/20   3603   616  468  380   338   30   43   33
유병복   05  1961/01/01  61  2004/03/02   4480   508  468  435    88    4    4    4
윤영훈   14  1965/03/03  57  2004/03/02   4556   295  364  372   204   12   14   16
이상영   27  1966/02/14  56  2007/10/01   3375   300  301  308   179   12   14   17
이정표   18  1965/03/02  57  2004/03/02   4310   188  270  319   237    7    8    5
임금만   04  1964/03/10  58  2004/03/02   4689   505  533  485   273   18   20   22
임동창   32  1960/05/05  61  2010/07/14   2148    99  115  155   195   13    9    9
장세한   17  1963/06/12  58  2004/03/02   4792   316  354  429   216    9   11   20
조용배   12  1967/03/16  55  2004/03/02   4966   224  303  378   259    9   15   18
최기홍   20  1964/11/09  57  2004/03/02   4426   386  393  384   135   12    7    8
토마스   08  1982/03/05  40  2015/06/01   1934   260  256  203   390   42   37   38
하무선   28  1968/06/15  53  2007/10/01   2294   126  141  184    82    3    4    5
