-------------------------------------------------------------------------------------
조교사명 조  생년월일   나이 데뷔일자    총출전  1위  2위  3위 1년출전 1위  2위  3위 
-------------------------------------------------------------------------------------
강성오   09  1966/08/20  56  2018/07/01    692    79   80   60   242   25   28   23
강환민   31  1970/05/26  52  2017/07/01   1031   126  117  116   262   22   27   32
곽영효   19  1961/09/24  61  1997/05/28   4823   500  475  422   229   22   31   22
구자흥   07  1963/08/07  59  2010/04/05   2053   155  207  203   135    5   10    9
김동균   52  1975/08/24  47  2012/07/01   2884   291  255  269   357   30   37   38
김동철   53  1974/11/28  47  2016/03/16   1554    87  131  131   247   13   15   17
김윤섭   32  1968/09/20  54  1998/07/02   5096   326  412  428   166    9    9    8
리카디   34  1968/03/02  54  2017/11/26    715    93  100   82   230   40   34   24
문병기   21  1968/08/07  54  2022/07/01     56     6    8    6    56    6    8    6
박병일   27  1964/04/26  58  2011/07/15   2004   172  199  185   224   17   26   23
박윤규   04  1966/09/26  56  2004/07/01   4223   332  369  387   228   22   25   19
박재우   50  1970/01/02  52  2011/01/26   3415   458  377  332   397   38   47   34
박종곤   01  1962/08/26  60  1997/09/04   4810   511  449  460   272   48   28   22
박천서   54  1963/06/08  59  2003/03/05   4513   429  420  431   197   17   14   21
박희철   15  1961/06/26  61  2002/07/01   5181   386  438  453   144   10    5   11
배대선   20  1960/04/02  62  1995/06/26   7887   871  840  822   180   20   21   15
배휴준   29  1966/09/25  56  2005/07/01   4628   320  378  395   204    8   13   11
서범석   12  1964/07/26  58  1999/07/01   5060   445  461  456   241   13   20   16
서인석   33  1968/11/20  53  2010/12/09   4805   441  478  461   469   46   45   48
서홍수   24  1964/01/04  58  2008/09/24   2493   226  225  239   285   40   26   37
손영표   02  1966/11/14  55  2006/07/27   3015   234  232  206   184    6   13    9
송문길   40  1971/03/22  51  2013/07/01   2438   351  288  254   324   42   35   36
신삼영   41  1963/11/06  58  2010/07/01   2308   214  201  206   179   15    9   16
심승태   37  1978/02/14  44  2012/05/04   2371   180  214  205   170   11    8   12
안병기   22  1966/01/20  56  2008/07/01   4164   421  382  383   377   29   32   26
안해양   26  1961/07/24  61  1999/08/26   4449   397  362  378   224   23   28   22
우창구   05  1963/04/28  59  2008/07/01   3281   328  283  287   197   17   15   25
유재길   23  1961/07/16  61  2000/04/07   5753   416  443  491   185   10   12   15
이관호   42  1966/08/21  56  2013/11/01   2558   272  227  274   429   36   31   56
이신영   14  1980/04/12  42  2011/07/01   2650   346  222  253   235   26   14   19
이준철   48  1980/02/23  42  2021/07/01    189    34   27   23   153   26   20   18
이희영   13  1960/08/16  62  1986/12/04   8478   676  742  758   166   19   18   20
임채덕   35  1970/07/09  52  2020/07/01    323     7   16   21   186    4   12   16
전승규   25  1963/10/04  59  2017/04/26    906   140  110   94   228   27   24   25
정호익   10  1965/03/08  57  2006/03/04   5212   532  551  536   377   35   41   39
조현수   11  1970/04/25  52  2018/07/01    940    39   61   76   246   10   16   17
최봉주   16  1962/11/19  59  2007/03/08   3000   220  229  241   219   15   19   17
최상식   28  1960/02/25  62  1993/07/13   6317   485  516  545   196   18   14   18
최영주   03  1966/09/03  56  1997/11/19   4984   370  384  365   146   15    7    8
최용건   51  1967/08/09  55  2020/07/01    468    49   33   40   267   32   19   19
최용구   08  1965/10/08  57  2012/07/01   1813   208  191  168   164   15   20   17
토니     30  1974/04/10  48  2019/09/01    456    39   49   50   195   15   17   16
홍대유   06  1963/01/15  59  2006/07/01   4112   354  355  358   360   33   35   26
