-------------------------------------------------------------------------------------
조교사명 조  생년월일   나이 데뷔일자    총출전  1위  2위  3위 1년출전 1위  2위  3위 
-------------------------------------------------------------------------------------
강은석   22  1971/11/10  50  2018/05/17    748    63   58   77   288   20   25   23
강형곤   02  1966/02/07  55  2004/03/02   5341   422  490  509   396   26   38   26
구민성   10  1978/08/11  43  2021/07/01     94     6    5    5    94    6    5    5
구영준   06  1972/06/08  49  2014/09/01   1781   103  131  166   248   12   16   21
권승주   33  1964/01/09  58  2012/03/03   3834   373  389  377   356   40   29   33
김길중   24  1963/03/28  58  2004/05/01   3746   237  298  315   253   15   11   15
김병학   07  1960/03/15  61  2004/03/02   3867   248  281  322   194   15   19   19
김영관   19  1960/06/13  61  2004/03/02   6033  1353  828  671   346   64   34   41
김영민   11  1980/03/08  41  2020/04/10    133    14   23    6    27    3    2    0
김재섭   16  1963/09/23  58  2004/03/02   5081   556  470  463   253   18   24   24
라이스   31  1976/09/15  45  2013/11/29   1943   263  200  203   303   46   29   29
민장기   21  1966/09/09  55  2004/05/01   4934   521  527  474   294   37   30   26
박재호   13  1978/09/20  43  2021/09/29     16     0    2    2    16    0    2    2
방동석   26  1967/12/09  54  2007/10/01   2979   277  270  306   219   27   19   13
백광열   01  1964/11/24  57  2004/03/02   6876   850  760  778   426   55   46   49
손병직   23  1973/11/14  48  2019/08/07    174    13   10    8     5    2    0    0
안우성   15  1974/01/18  48  2014/06/01   1851   229  223  212   294   21   32   25
양귀선   09  1961/11/10  60  2004/03/02   4773   312  352  415   349   30   27   38
울즐리   30  1962/12/24  59  2007/12/20   3527   610  463  373   306   31   42   33
유병복   05  1961/01/01  61  2004/03/02   4480   508  468  435   126    5    4    9
윤영훈   14  1965/03/03  56  2004/03/02   4501   294  360  370   186   13   13   14
이상영   27  1966/02/14  55  2007/10/01   3337   296  297  306   185    8   12   15
이정표   18  1965/03/02  56  2004/03/02   4252   184  268  316   221    3    7    2
임금만   04  1964/03/10  57  2004/03/02   4642   502  531  482   281   20   26   24
임동창   32  1960/05/05  61  2010/07/14   2112    95  113  154   198   11    9   11
장세한   17  1963/06/12  58  2004/03/02   4745   310  354  424   215    3   12   17
조용배   12  1967/03/16  54  2004/03/02   4908   221  300  370   253    6   13   13
최기홍   20  1964/11/09  57  2004/03/02   4392   383  392  383   129   10    8    8
토마스   08  1982/03/05  39  2015/06/01   1856   253  253  198   366   39   42   37
하무선   28  1968/06/15  53  2007/10/01   2263   126  140  183    66    3    3    4
