-------------------------------------------------------------------------------------------------
기수명   조  생년월일   나이 데뷔일자   중량 타조중량 총출전 1위  2위  3위 1년출전 1위  2위  3위 
-------------------------------------------------------------------------------------------------
권오찬   프  1999/11/07  23  2021/07/15  48   48        197    4   14    9  151     4   12    9
김도현   99  1982/01/24  40  2003/07/02  53   53       2244  128  136  148    3     0    0    1
김동영   99  1980/04/06  42  2005/05/04  53   53       4400  412  433  442   85     2    6    6
김명신   99  1981/04/01  41  2005/05/04  52   52       2300   89  157  162    2     0    0    1
김어수   프  1983/07/06  39  2005/05/04  52   52       4095  243  306  344  270    11   13   15
김철호   프  1987/07/20  35  2008/06/18  52   52       2633  217  219  239  159     8    8   13
김태경   99  1966/03/22  56  1990/06/01  51   51       5344  343  409  442    8     0    0    1
김태현   99  1997/01/23  25  2020/07/15  51   51        514   25   29   32  167     9    9   13
김혜선   프  1988/08/31  34  2009/06/01  51   51       4264  348  373  359  414    45   57   40
다실바   프  1978/12/15  43  2016/09/02  53   53       2255  309  300  261  384    61   47   44
모준호   프  1991/12/31  30  2020/07/15  51   51        748   44   54   64  338    16   18   26
박재이   프  1996/02/14  26  2015/06/17  52   52       2228  164  222  227  391    60   51   51
박종호   프  1994/03/09  28  2020/07/15  51   51        280    8    7   14   74     1    2    5
서강주   프  1998/04/11  24  2021/07/15  50   50        373   27   42   46  332    27   40   40
서승운   프  1989/08/30  33  2011/08/24  52   52       3963  619  538  491  363    63   53   46
송경윤   프  1981/03/05  41  2007/05/18  53   53       4754  360  450  459  389    39   35   38
신윤섭   프  1995/01/28  27  2021/07/15  52   52        401   24   26   38  313    16   22   28
유광희   99  1988/09/25  34  2011/08/24  51   51       1568   52  100  118   16     0    1    2
유현명   프  1979/05/20  43  2002/09/13  51   51       7094 1199  938  750  385    77   48   42
윤형석   프  1998/12/16  23  2021/07/15  50   50        309   12   24   24  267    11   20   23
이성재   프  1982/10/18  40  2008/05/14  52   52       4234  327  331  397  393    35   21   35
이아나   99  1989/01/01  33  2011/08/24  50   50       1213   53   53   67    0     0    0    0
이홍락   프  1997/12/17  24  2022/07/01  50   50         91    6    9    8   91     6    9    8
이효식   99  1996/06/04  26  2016/06/18  51   51       1798  246  185  153    0     0    0    0
임성실   프  1981/02/15  41  2002/09/13  56   56       2644  353  296  279   94     5    9   15
전진구   프  1996/03/23  26  2017/06/02  50   50        911   47   64   52  185     2   13    8
정도윤   프  1995/11/20  27  2016/06/18  48   48       1910  160  155  193  249    27   26   24
정동철   프  1990/07/17  32  2011/08/24  48   48       2721  169  183  195  144     6    4    4
정우주   프  1993/01/23  29  2018/06/14  48   48        985   48   50   68  145     2    6    8
조인권   프  1987/01/18  35  2008/06/18  52   52       4581  648  531  490  346    36   53   39
조창욱   99  1980/02/10  42  2005/05/04  53   53       4104  371  351  360    4     0    1    1
진겸     99  1994/07/04  28  2015/06/17  52   52       1938  162  194  199   64     4    5    7
채상현   프  1993/11/21  29  2014/06/05  52   52       1781  130  153  161  254    16   19   21
최시대   프  1980/09/12  42  2007/05/18  51   51       5638  749  658  593  405    58   35   34
최은경   프  1997/02/24  25  2016/06/18  51   51       1512   90  119  138  317    20   21   37
