-------------------------------------------------------------------------------------
조교사명 조  생년월일   나이 데뷔일자    총출전  1위  2위  3위 1년출전 1위  2위  3위 
-------------------------------------------------------------------------------------
강은석   22  1971/11/10  50  2018/05/17    870    74   70   90   237   19   25   25
강형곤   02  1966/02/07  56  2004/03/02   5644   451  515  538   468   37   39   36
구민성   10  1978/08/11  44  2021/07/01    234    16   23   17   227   16   23   16
구영준   06  1972/06/08  50  2014/09/01   1899   110  146  184   223   15   26   28
권승주   33  1964/01/09  58  2012/03/03   4089   403  419  404   408   42   40   47
김길중   24  1963/03/28  59  2004/05/01   3902   248  315  324   267   15   20   17
김병학   07  1960/03/15  62  2004/03/02   4008   260  297  332   222   21   25   20
김영관   19  1960/06/13  62  2004/03/02   6222  1386  853  700   341   61   46   44
김영민   11  1980/03/08  42  2020/04/10    243    25   38   17   131   14   17   11
라이스   31  1976/09/15  45  2013/11/29   2145   290  227  227   328   40   39   37
문현철   03  1980/11/20  41  2022/07/01      0     0    0    0     0    0    0    0
민장기   21  1966/09/09  55  2004/05/01   5106   541  539  488   291   35   19   22
박재호   13  1978/09/20  43  2021/09/29     96     4    9    5    96    4    9    5
방동석   26  1967/12/09  54  2007/10/01   3089   287  281  318   203   22   19   20
백광열   01  1964/11/24  57  2004/03/02   7131   875  787  801   431   51   50   40
손병직   23  1973/11/14  48  2019/08/07    239    19   12   15    67    6    2    7
안우성   15  1974/01/18  48  2014/06/01   2014   252  248  233   281   33   39   27
양귀선   09  1961/11/10  60  2004/03/02   5001   340  380  440   378   42   34   45
울즐리   30  1962/12/24  59  2007/12/20   3724   634  477  389   339   36   29   28
유병복   05  1961/01/01  61  2004/03/02   4480   508  468  435     9    1    1    0
윤영훈   14  1965/03/03  57  2004/03/02   4630   297  373  379   210   10   19   17
이상영   27  1966/02/14  56  2007/10/01   3454   312  308  316   198   22   19   19
이정표   18  1965/03/02  57  2004/03/02   4411   190  273  330   244    9   10   15
임금만   04  1964/03/10  58  2004/03/02   4790   512  541  497   266   15   16   25
임동창   32  1960/05/05  62  2010/07/14   2209   103  119  162   183   15   11   12
장세한   17  1963/06/12  59  2004/03/02   4872   322  360  435   213   13   14   20
조용배   12  1967/03/16  55  2004/03/02   5059   227  309  380   248    9   17   15
최기홍   20  1964/11/09  57  2004/03/02   4469   390  398  389   128   12    8    9
토마스   08  1982/03/05  40  2015/06/01   2067   275  267  215   379   42   34   34
하무선   28  1968/06/15  54  2007/10/01   2371   134  148  193   139   11    9   13
