-------------------------------------------------------------------------------------
조교사명 조  생년월일   나이 데뷔일자    총출전  1위  2위  3위 1년출전 1위  2위  3위 
-------------------------------------------------------------------------------------
강은석   22  1971/11/10  50  2018/05/17    891    78   72   92   222   21   23   26
강형곤   02  1966/02/07  56  2004/03/02   5715   454  519  544   493   37   38   41
구민성   10  1978/08/11  44  2021/07/01    266    21   25   21   237   20   25   20
구영준   06  1972/06/08  50  2014/09/01   1924   113  151  187   218   18   31   26
권승주   33  1964/01/09  58  2012/03/03   4139   410  424  408   411   47   44   43
김길중   24  1963/03/28  59  2004/05/01   3935   251  317  325   272   18   21   17
김병학   07  1960/03/15  62  2004/03/02   4042   262  302  335   234   19   28   22
김영관   19  1960/06/13  62  2004/03/02   6259  1395  861  705   319   59   46   44
김영민   11  1980/03/08  42  2020/04/10    264    27   40   21   152   16   19   15
라이스   31  1976/09/15  46  2013/11/29   2184   294  230  233   328   39   38   38
문현철   03  1980/11/20  41  2022/07/01      4     0    0    1     4    0    0    1
민장기   21  1966/09/09  56  2004/05/01   5139   544  544  496   290   34   22   29
박재호   13  1978/09/20  44  2021/09/29    109     5    9    6   109    5    9    6
방동석   26  1967/12/09  54  2007/10/01   3107   287  283  318   190   20   18   16
백광열   01  1964/11/24  57  2004/03/02   7188   882  795  806   431   49   52   37
손병직   23  1973/11/14  48  2019/08/07    260    21   13   16    88    8    3    8
안우성   15  1974/01/18  48  2014/06/01   2040   255  251  236   277   35   35   30
양귀선   09  1961/11/10  60  2004/03/02   5046   344  385  442   381   44   34   42
울즐리   30  1962/12/24  59  2007/12/20   3768   639  481  392   340   36   24   30
유병복   05  1961/01/01  61  2004/03/02   4480   508  468  435     0    0    0    0
윤영훈   14  1965/03/03  57  2004/03/02   4652   300  375  379   212   10   20   16
이상영   27  1966/02/14  56  2007/10/01   3476   315  309  319   200   25   19   18
이정표   18  1965/03/02  57  2004/03/02   4457   192  276  334   275   10   12   19
임금만   04  1964/03/10  58  2004/03/02   4815   515  543  500   255   17   16   26
임동창   32  1960/05/05  62  2010/07/14   2232   103  123  162   181   14   15   10
장세한   17  1963/06/12  59  2004/03/02   4903   323  362  439   218   14   14   21
조용배   12  1967/03/16  55  2004/03/02   5093   227  309  382   257    9   17   13
최기홍   20  1964/11/09  57  2004/03/02   4486   393  400  390   128   12   10    8
토마스   08  1982/03/05  40  2015/06/01   2109   277  269  219   372   34   31   34
하무선   28  1968/06/15  54  2007/10/01   2398   135  149  196   162   12   10   16
