-------------------------------------------------------------------------------------
조교사명 조  생년월일   나이 데뷔일자    총출전  1위  2위  3위 1년출전 1위  2위  3위 
-------------------------------------------------------------------------------------
강성오   09  1966/08/20  55  2018/07/01    635    75   74   57   226   25   26   27
강환민   31  1970/05/26  52  2017/07/01    961   122  110  107   231   22   22   26
곽영효   19  1961/09/24  60  1997/05/28   4763   491  468  418   194   16   28   21
구자흥   07  1963/08/07  58  2010/04/05   2025   155  202  201   132    7    6    8
김동균   52  1975/08/24  46  2012/07/01   2817   288  249  266   361   40   36   41
김동철   53  1974/11/28  47  2016/03/16   1494    85  130  123   240   14   19   11
김윤섭   32  1968/09/20  53  1998/07/02   5054   325  409  426   155   10    8    9
리카디   34  1968/03/02  54  2017/11/26    664    85   93   74   221   35   35   23
문병기   21  1968/08/07  53  2022/07/01     16     2    3    0    16    2    3    0
박병일   27  1964/04/26  58  2011/07/15   1964   171  193  182   228   21   24   22
박윤규   04  1966/09/26  55  2004/07/01   4162   326  367  380   201   18   26   17
박재우   50  1970/01/02  52  2011/01/26   3331   443  367  326   391   34   46   37
박종곤   01  1962/08/26  59  1997/09/04   4749   503  442  453   268   47   27   24
박천서   54  1963/06/08  59  2003/03/05   4477   427  416  426   204   17   12   21
박희철   15  1961/06/26  61  2002/07/01   5146   385  437  449   139   11    7    7
배대선   20  1960/04/02  62  1995/06/26   7840   866  830  820   186   19   15   17
배휴준   29  1966/09/25  55  2005/07/01   4584   318  374  392   194    7   12    9
서범석   12  1964/07/26  58  1999/07/01   5013   443  456  452   237   14   19   15
서인석   33  1968/11/20  53  2010/12/09   4708   428  467  451   468   44   40   46
서홍수   24  1964/01/04  58  2008/09/24   2412   212  219  233   264   32   31   39
손영표   02  1966/11/14  55  2006/07/27   2979   233  229  203   184    8   14    7
송문길   40  1971/03/22  51  2013/07/01   2378   348  279  249   330   44   32   38
신삼영   41  1963/11/06  58  2010/07/01   2278   209  200  204   182   11   13   18
심승태   37  1978/02/14  44  2012/05/04   2328   177  212  203   148   10    6   10
안병기   22  1966/01/20  56  2008/07/01   4092   417  376  380   391   33   30   30
안해양   26  1961/07/24  61  1999/08/26   4393   390  355  371   219   19   28   20
우창구   05  1963/04/28  59  2008/07/01   3240   324  281  281   199   22   17   22
유재길   23  1961/07/16  61  2000/04/07   5711   414  443  486   176    8   13   11
이관호   42  1966/08/21  55  2013/11/01   2470   266  224  265   422   35   36   55
이신영   14  1980/04/12  42  2011/07/01   2607   342  218  252   235   25   13   21
이준철   48  1980/02/23  42  2021/07/01    160    26   24   22   152   25   23   20
이희영   13  1960/08/16  61  1986/12/04   8443   670  739  754   164   16   20   18
임채덕   35  1970/07/09  52  2020/07/01    272     7   11   16   166    7    8   13
전승규   25  1963/10/04  58  2017/04/26    865   133  108   91   229   24   24   26
정호익   10  1965/03/08  57  2006/03/04   5133   526  541  526   365   33   38   32
조현수   11  1970/04/25  52  2018/07/01    888    38   58   74   245   10   14   19
최봉주   16  1962/11/19  59  2007/03/08   2951   215  222  236   222   13   14   15
최상식   28  1960/02/25  62  1993/07/13   6279   479  513  542   191   14   13   19
최영주   03  1966/09/03  55  1997/11/19   4950   365  380  363   130   11    3    9
최용건   51  1967/08/09  54  2020/07/01    397    40   27   33   242   28   15   16
최용구   08  1965/10/08  56  2012/07/01   1783   205  186  163   171   15   19   16
토니     30  1974/04/10  48  2019/09/01    415    33   45   44   193   14   19   15
홍대유   06  1963/01/15  59  2006/07/01   4029   349  349  349   354   38   37   23
