-------------------------------------------------------------------------------------
조교사명 조  생년월일   나이 데뷔일자    총출전  1위  2위  3위 1년출전 1위  2위  3위 
-------------------------------------------------------------------------------------
강은석   22  1971/11/10  50  2018/05/17    886    77   71   92   229   20   25   26
강형곤   02  1966/02/07  56  2004/03/02   5692   453  516  541   483   36   36   39
구민성   10  1978/08/11  44  2021/07/01    256    17   25   21   237   17   25   20
구영준   06  1972/06/08  50  2014/09/01   1915   111  148  187   216   16   28   27
권승주   33  1964/01/09  58  2012/03/03   4123   408  422  406   413   45   42   44
김길중   24  1963/03/28  59  2004/05/01   3928   249  317  325   274   16   21   17
김병학   07  1960/03/15  62  2004/03/02   4031   260  301  334   232   19   28   22
김영관   19  1960/06/13  62  2004/03/02   6246  1393  857  702   325   63   44   42
김영민   11  1980/03/08  42  2020/04/10    257    27   40   18   145   16   19   12
라이스   31  1976/09/15  46  2013/11/29   2170   293  230  232   326   38   38   38
문현철   03  1980/11/20  41  2022/07/01      2     0    0    1     2    0    0    1
민장기   21  1966/09/09  56  2004/05/01   5129   543  542  492   288   34   20   25
박재호   13  1978/09/20  44  2021/09/29    107     5    9    6   107    5    9    6
방동석   26  1967/12/09  54  2007/10/01   3105   287  283  318   198   21   19   16
백광열   01  1964/11/24  57  2004/03/02   7167   880  793  804   431   49   53   37
손병직   23  1973/11/14  48  2019/08/07    252    21   13   16    80    8    3    8
안우성   15  1974/01/18  48  2014/06/01   2031   253  250  236   276   34   36   30
양귀선   09  1961/11/10  60  2004/03/02   5032   343  382  442   381   43   32   43
울즐리   30  1962/12/24  59  2007/12/20   3755   639  481  392   346   38   29   30
유병복   05  1961/01/01  61  2004/03/02   4480   508  468  435     0    0    0    0
윤영훈   14  1965/03/03  57  2004/03/02   4646   299  375  379   213   10   20   16
이상영   27  1966/02/14  56  2007/10/01   3468   313  309  319   199   23   19   21
이정표   18  1965/03/02  57  2004/03/02   4443   192  274  332   264   10   10   17
임금만   04  1964/03/10  58  2004/03/02   4810   515  542  499   257   18   15   25
임동창   32  1960/05/05  62  2010/07/14   2225   103  122  162   182   15   14   11
장세한   17  1963/06/12  59  2004/03/02   4892   323  361  436   215   14   14   18
조용배   12  1967/03/16  55  2004/03/02   5082   227  309  381   255    9   17   14
최기홍   20  1964/11/09  57  2004/03/02   4483   393  400  390   132   12   10    9
토마스   08  1982/03/05  40  2015/06/01   2092   276  268  218   366   35   31   36
하무선   28  1968/06/15  54  2007/10/01   2387   134  148  194   152   11    9   14
