-------------------------------------------------------------------------------------
조교사명 조  생년월일   나이 데뷔일자    총출전  1위  2위  3위 1년출전 1위  2위  3위 
-------------------------------------------------------------------------------------
강은석   22  1971/11/10  50  2018/05/17    838    69   68   88   280   20   29   31
강형곤   02  1966/02/07  56  2004/03/02   5518   437  508  526   441   29   42   34
구민성   10  1978/08/11  43  2021/07/01    184    11   21   13   184   11   21   13
구영준   06  1972/06/08  50  2014/09/01   1849   105  137  176   242   11   20   25
권승주   33  1964/01/09  58  2012/03/03   3986   391  406  394   397   45   35   45
김길중   24  1963/03/28  59  2004/05/01   3841   244  309  321   253   15   20   16
김병학   07  1960/03/15  62  2004/03/02   3952   254  292  327   215   17   25   20
김영관   19  1960/06/13  61  2004/03/02   6153  1375  843  690   362   68   44   47
김영민   11  1980/03/08  42  2020/04/10    200    19   35   12    88    8   14    6
라이스   31  1976/09/15  45  2013/11/29   2064   276  214  215   324   47   33   30
민장기   21  1966/09/09  55  2004/05/01   5036   536  532  481   290   36   20   24
박재호   13  1978/09/20  43  2021/09/29     66     4    6    3    66    4    6    3
방동석   26  1967/12/09  54  2007/10/01   3050   283  279  314   217   25   21   18
백광열   01  1964/11/24  57  2004/03/02   7036   867  776  792   444   52   52   45
손병직   23  1973/11/14  48  2019/08/07    208    17   11   14    36    4    1    6
안우성   15  1974/01/18  48  2014/06/01   1962   246  239  225   301   29   37   26
양귀선   09  1961/11/10  60  2004/03/02   4908   329  362  428   367   38   20   40
울즐리   30  1962/12/24  59  2007/12/20   3650   624  470  385   341   32   37   33
유병복   05  1961/01/01  61  2004/03/02   4480   508  468  435    57    4    3    3
윤영훈   14  1965/03/03  57  2004/03/02   4584   297  368  374   205   13   17   16
이상영   27  1966/02/14  56  2007/10/01   3404   303  305  311   181   15   17   15
이정표   18  1965/03/02  57  2004/03/02   4348   189  270  320   240    8    8    6
임금만   04  1964/03/10  58  2004/03/02   4723   508  535  491   268   17   19   23
임동창   32  1960/05/05  62  2010/07/14   2172   101  117  159   192   14   10   12
장세한   17  1963/06/12  58  2004/03/02   4823   319  357  432   217   12   12   21
조용배   12  1967/03/16  55  2004/03/02   5003   224  305  378   259    7   15   16
최기홍   20  1964/11/09  57  2004/03/02   4442   388  395  387   136   13    7   10
토마스   08  1982/03/05  40  2015/06/01   1988   266  261  206   394   43   38   36
하무선   28  1968/06/15  53  2007/10/01   2324   127  144  188   103    4    6    9
