-------------------------------------------------------------------------------------
조교사명 조  생년월일   나이 데뷔일자    총출전  1위  2위  3위 1년출전 1위  2위  3위 
-------------------------------------------------------------------------------------
강은석   22  1971/11/10  50  2018/05/17    882    77   70   91   228   20   24   25
강형곤   02  1966/02/07  56  2004/03/02   5678   453  516  539   471   36   36   37
구민성   10  1978/08/11  44  2021/07/01    250    17   24   20   231   17   24   19
구영준   06  1972/06/08  50  2014/09/01   1912   110  148  187   215   15   28   27
권승주   33  1964/01/09  58  2012/03/03   4114   407  421  405   406   44   41   44
김길중   24  1963/03/28  59  2004/05/01   3921   249  317  325   271   16   21   17
김병학   07  1960/03/15  62  2004/03/02   4023   260  300  333   225   19   27   21
김영관   19  1960/06/13  62  2004/03/02   6241  1390  857  701   325   60   45   41
김영민   11  1980/03/08  42  2020/04/10    255    27   40   18   143   16   19   12
라이스   31  1976/09/15  46  2013/11/29   2162   291  229  231   322   37   38   37
문현철   03  1980/11/20  41  2022/07/01      1     0    0    1     1    0    0    1
민장기   21  1966/09/09  56  2004/05/01   5124   542  542  492   286   34   20   25
박재호   13  1978/09/20  44  2021/09/29    105     5    9    6   105    5    9    6
방동석   26  1967/12/09  54  2007/10/01   3100   287  281  318   198   21   17   17
백광열   01  1964/11/24  57  2004/03/02   7159   880  791  804   427   50   51   39
손병직   23  1973/11/14  48  2019/08/07    252    21   13   16    80    8    3    8
안우성   15  1974/01/18  48  2014/06/01   2027   253  249  235   275   34   35   29
양귀선   09  1961/11/10  60  2004/03/02   5025   343  382  441   377   44   32   43
울즐리   30  1962/12/24  59  2007/12/20   3750   638  481  391   344   37   31   29
유병복   05  1961/01/01  61  2004/03/02   4480   508  468  435     0    0    0    0
윤영훈   14  1965/03/03  57  2004/03/02   4641   298  374  379   212   10   19   17
이상영   27  1966/02/14  56  2007/10/01   3464   312  309  318   195   22   19   20
이정표   18  1965/03/02  57  2004/03/02   4437   192  273  332   259   10    9   17
임금만   04  1964/03/10  58  2004/03/02   4801   513  541  498   251   16   14   24
임동창   32  1960/05/05  62  2010/07/14   2221   103  121  162   181   15   13   11
장세한   17  1963/06/12  59  2004/03/02   4887   323  361  435   212   14   14   17
조용배   12  1967/03/16  55  2004/03/02   5075   227  309  381   249    9   17   14
최기홍   20  1964/11/09  57  2004/03/02   4478   393  400  390   127   12   10    9
토마스   08  1982/03/05  40  2015/06/01   2085   275  268  218   366   35   32   36
하무선   28  1968/06/15  54  2007/10/01   2383   134  148  194   148   11    9   14
