-------------------------------------------------------------------------------------------------
기수명   조  생년월일   나이 데뷔일자   중량 타조중량 총출전 1위  2위  3위 1년출전 1위  2위  3위 
-------------------------------------------------------------------------------------------------
권오찬   프  1999/11/07  22  2021/07/15  48   48        173    4   11    7  147     4   10    7
김도현   99  1982/01/24  40  2003/07/02  53   53       2244  128  136  148    5     0    0    1
김동영   99  1980/04/06  42  2005/05/04  53   53       4400  412  433  442   85     2    6    6
김명신   99  1981/04/01  41  2005/05/04  52   52       2300   89  157  162   11     0    0    2
김어수   프  1983/07/06  39  2005/05/04  52   52       4065  242  305  343  258    10   15   15
김철호   프  1987/07/20  35  2008/06/18  52   52       2615  217  219  237  144     8    8   11
김태경   99  1966/03/22  56  1990/06/01  51   51       5344  343  409  442   23     1    0    2
김태현   99  1997/01/23  25  2020/07/15  51   51        514   25   29   32  191    10   10   14
김혜선   프  1988/08/31  34  2009/06/01  51   51       4218  345  371  357  413    48   60   42
다실바   프  1978/12/15  43  2016/09/02  53   53       2225  302  296  259  399    60   49   48
모준호   프  1991/12/31  30  2020/07/15  51   51        718   44   52   60  348    18   19   26
박재이   프  1996/02/14  26  2015/06/17  52   52       2183  159  215  218  379    60   48   47
박종호   프  1994/03/09  28  2020/07/15  51   51        271    8    7   14   73     2    2    6
서강주   프  1998/04/11  24  2021/07/15  50   50        326   21   35   46  302    21   34   42
서승운   프  1989/08/30  33  2011/08/24  52   52       3929  612  535  484  367    59   57   43
송경윤   프  1981/03/05  41  2007/05/18  53   53       4708  354  446  453  369    35   32   33
신윤섭   프  1995/01/28  27  2021/07/15  52   52        376   22   22   36  323    17   21   31
유광희   99  1988/09/25  34  2011/08/24  51   51       1568   52  100  118   37     2    3    4
유현명   프  1979/05/20  43  2002/09/13  51   51       7058 1192  934  746  382    75   45   40
윤형석   프  1998/12/16  23  2021/07/15  50   50        270    9   20   21  248     9   19   21
이성재   프  1982/10/18  40  2008/05/14  52   52       4190  326  328  394  386    37   19   38
이아나   99  1989/01/01  33  2011/08/24  50   50       1213   53   53   67    0     0    0    0
이홍락   프  1997/12/17  24  2022/07/01  50   50         50    3    7    2   50     3    7    2
이효식   99  1996/06/04  26  2016/06/18  51   51       1798  246  185  153    0     0    0    0
임성실   프  1981/02/15  41  2002/09/13  56   56       2637  353  295  278  107     8    9   15
전진구   프  1996/03/23  26  2017/06/02  50   50        895   47   64   52  194     3   15    8
정도윤   프  1995/11/20  26  2016/06/18  48   48       1852  152  150  187  191    19   21   18
정동철   프  1990/07/17  32  2011/08/24  48   48       2700  167  181  195  141     4    2    5
정우주   프  1993/01/23  29  2018/06/14  48   48        969   47   50   67  144     3    7    8
조인권   프  1987/01/18  35  2008/06/18  52   52       4556  646  527  490  360    37   51   44
조창욱   99  1980/02/10  42  2005/05/04  53   53       4104  371  351  360    4     0    1    1
진겸     99  1994/07/04  28  2015/06/17  52   52       1938  162  194  199   95     9   10   12
채상현   프  1993/11/21  28  2014/06/05  52   52       1732  126  148  157  205    12   14   17
최시대   프  1980/09/12  42  2007/05/18  51   51       5583  743  650  585  385    56   28   31
최은경   프  1997/02/24  25  2016/06/18  51   51       1481   89  117  133  308    21   20   32
