-------------------------------------------------------------------------------------
조교사명 조  생년월일   나이 데뷔일자    총출전  1위  2위  3위 1년출전 1위  2위  3위 
-------------------------------------------------------------------------------------
강성오   09  1966/08/20  56  2018/07/01    725    85   84   62   252   29   30   22
강환민   31  1970/05/26  52  2017/07/01   1066   127  125  119   274   21   31   34
곽영효   19  1961/09/24  61  1997/05/28   4852   505  480  424   237   27   30   22
구자흥   07  1963/08/07  59  2010/04/05   2069   157  210  204   130    7   11    9
김동균   52  1975/08/24  47  2012/07/01   2923   293  257  273   347   28   36   39
김동철   53  1974/11/28  48  2016/03/16   1590    91  134  133   258   15   18   17
김윤섭   32  1968/09/20  54  1998/07/02   5118   326  412  430   174    8    8    8
리카디   34  1968/03/02  54  2017/11/26    742    96  101   83   231   41   34   22
문병기   21  1968/08/07  54  2022/07/01     80     9    8    7    80    9    8    7
박병일   27  1964/04/26  58  2011/07/15   2030   176  200  189   221   19   24   27
박윤규   04  1966/09/26  56  2004/07/01   4262   334  375  392   245   22   26   23
박재우   50  1970/01/02  52  2011/01/26   3465   463  385  337   399   40   48   35
박종곤   01  1962/08/26  60  1997/09/04   4846   518  451  466   278   47   27   26
박천서   54  1963/06/08  59  2003/03/05   4541   431  422  432   203   17   12   19
박희철   15  1961/06/26  61  2002/07/01   5204   388  441  453   151   10    8   10
배대선   20  1960/04/02  62  1995/06/26   7926   872  842  827   196   19   21   18
배휴준   29  1966/09/25  56  2005/07/01   4656   320  381  395   212    6   15   10
서범석   12  1964/07/26  58  1999/07/01   5085   446  461  458   234   13   17   15
서인석   33  1968/11/20  54  2010/12/09   4866   447  481  472   460   45   39   53
서홍수   24  1964/01/04  58  2008/09/24   2533   235  229  242   298   40   30   36
손영표   02  1966/11/14  56  2006/07/27   3031   234  236  207   177    5   16    9
송문길   40  1971/03/22  51  2013/07/01   2479   353  293  261   327   40   33   39
신삼영   41  1963/11/06  59  2010/07/01   2331   216  204  206   171   16   11   12
심승태   37  1978/02/14  44  2012/05/04   2399   180  217  207   180   10   11   13
안병기   22  1966/01/20  56  2008/07/01   4215   426  386  389   378   30   34   27
안해양   26  1961/07/24  61  1999/08/26   4488   403  367  382   235   26   28   22
우창구   05  1963/04/28  59  2008/07/01   3306   333  288  287   191   18   20   21
유재길   23  1961/07/16  61  2000/04/07   5779   418  445  494   189    9   14   17
이관호   42  1966/08/21  56  2013/11/01   2615   275  228  281   435   32   28   56
이신영   14  1980/04/12  42  2011/07/01   2675   348  225  255   227   26   16   17
이준철   48  1980/02/23  42  2021/07/01    213    41   30   23   158   30   21   14
이희영   13  1960/08/16  62  1986/12/04   8498   679  743  764   162   21   16   23
임채덕   35  1970/07/09  52  2020/07/01    357     8   18   23   198    4   12   16
전승규   25  1963/10/04  59  2017/04/26    940   144  113  100   232   29   22   27
정호익   10  1965/03/08  57  2006/03/04   5255   538  555  540   379   37   43   39
조현수   11  1970/04/25  52  2018/07/01    961    39   63   76   243    9   17   16
최봉주   16  1962/11/19  60  2007/03/08   3031   222  232  242   220   16   19   17
최상식   28  1960/02/25  62  1993/07/13   6338   487  517  551   191   19   12   20
최영주   03  1966/09/03  56  1997/11/19   5012   370  386  366   159   15    9    8
최용건   51  1967/08/09  55  2020/07/01    504    51   36   42   272   31   21   20
최용구   08  1965/10/08  57  2012/07/01   1830   209  194  168   158   15   20   14
토니     30  1974/04/10  48  2019/09/01    483    42   51   52   199   17   18   18
홍대유   06  1963/01/15  59  2006/07/01   4166   359  359  362   377   35   35   27
