-------------------------------------------------------------------------------------
조교사명 조  생년월일   나이 데뷔일자    총출전  1위  2위  3위 1년출전 1위  2위  3위 
-------------------------------------------------------------------------------------
강은석   22  1971/11/10  51  2018/05/17    912    79   76   95   197   19   20   22
강형곤   02  1966/02/07  56  2004/03/02   5810   462  528  554   518   41   42   47
구민성   10  1978/08/11  44  2021/07/01    310    28   27   28   249   23   24   25
구영준   06  1972/06/08  50  2014/09/01   1956   113  152  190   210   14   28   29
권승주   33  1964/01/09  58  2012/03/03   4221   417  434  417   431   48   51   43
김길중   24  1963/03/28  59  2004/05/01   3967   252  321  330   255   18   25   19
김병학   07  1960/03/15  62  2004/03/02   4079   267  303  339   241   23   24   23
김영관   19  1960/06/13  62  2004/03/02   6310  1400  865  708   317   53   43   40
김영민   11  1980/03/08  42  2020/04/10    295    28   47   23   183   17   26   17
라이스   31  1976/09/15  46  2013/11/29   2231   303  232  239   320   42   36   37
문현철   03  1980/11/20  42  2022/07/01     20     3    1    3    20    3    1    3
민장기   21  1966/09/09  56  2004/05/01   5189   549  549  502   291   33   24   30
박재호   13  1978/09/20  44  2021/09/29    134     6   10    7   127    6    9    6
방동석   26  1967/12/09  55  2007/10/01   3134   291  283  319   184   20   14   17
백광열   01  1964/11/24  58  2004/03/02   7265   893  802  816   436   48   51   42
손병직   23  1973/11/14  49  2019/08/07    280    21   15   17   108    8    5    9
안우성   15  1974/01/18  48  2014/06/01   2084   260  262  239   275   35   42   30
양귀선   09  1961/11/10  61  2004/03/02   5122   355  393  445   395   49   42   33
울즐리   30  1962/12/24  59  2007/12/20   3826   643  486  394   344   36   26   27
윤영훈   14  1965/03/03  57  2004/03/02   4684   302  378  382   209   12   20   16
이상영   27  1966/02/14  56  2007/10/01   3509   321  312  320   202   28   18   17
이정표   18  1965/03/02  57  2004/03/02   4505   195  282  338   283   11   15   23
임금만   04  1964/03/10  58  2004/03/02   4870   521  550  508   263   20   20   31
임동창   32  1960/05/05  62  2010/07/14   2261   105  123  165   177   11   11   12
장세한   17  1963/06/12  59  2004/03/02   4947   327  367  440   225   17   17   19
조용배   12  1967/03/16  55  2004/03/02   5135   227  311  385   252    7   15   16
최기홍   20  1964/11/09  58  2004/03/02   4512   395  401  392   134   12    9    9
토마스   08  1982/03/05  40  2015/06/01   2158   279  272  226   351   31   22   31
하무선   28  1968/06/15  54  2007/10/01   2438   137  151  203   191   12   12   21
