-------------------------------------------------------------------------------------
조교사명 조  생년월일   나이 데뷔일자    총출전  1위  2위  3위 1년출전 1위  2위  3위 
-------------------------------------------------------------------------------------
강성오   09  1966/08/20  55  2018/07/01    613    73   71   53   232   26   25   25
강환민   31  1970/05/26  52  2017/07/01    943   122  108  107   239   25   23   30
곽영효   19  1961/09/24  60  1997/05/28   4738   490  464  416   187   16   25   20
구자흥   07  1963/08/07  58  2010/04/05   2006   153  200  199   124    7    4    7
김동균   52  1975/08/24  46  2012/07/01   2785   286  248  263   357   42   37   41
김동철   53  1974/11/28  47  2016/03/16   1468    83  126  123   242   15   17   14
김윤섭   32  1968/09/20  53  1998/07/02   5032   323  407  426   148    8    6   10
김점오   17  1959/05/20  63  1987/07/10   8691   792  799  751    84    8    7    6
리카디   34  1968/03/02  54  2017/11/26    641    80   89   71   213   32   33   21
문병기   21  1968/08/07  53  2022/07/01      0     0    0    0     0    0    0    0
박대흥   18  1958/08/07  63  1997/05/28   7124  1016  810  685   305   37   32   27
박병일   27  1964/04/26  58  2011/07/15   1943   168  193  180   221   21   26   22
박윤규   04  1966/09/26  55  2004/07/01   4134   324  364  379   192   21   23   16
박재우   50  1970/01/02  52  2011/01/26   3289   440  362  324   386   36   46   38
박종곤   01  1962/08/26  59  1997/09/04   4721   495  437  451   262   42   25   25
박천서   54  1963/06/08  59  2003/03/05   4457   422  415  423   198   13   12   18
박희철   15  1961/06/26  61  2002/07/01   5129   384  437  446   133   11    7    6
배대선   20  1960/04/02  62  1995/06/26   7823   863  827  817   193   19   14   17
배휴준   29  1966/09/25  55  2005/07/01   4567   317  374  389   195    6   12    8
서범석   12  1964/07/26  57  1999/07/01   4989   441  455  451   229   12   19   16
서인석   33  1968/11/20  53  2010/12/09   4667   422  460  443   473   45   38   41
서정하   43  1958/12/22  63  2004/09/01   2852   162  219  219    74    0    2    7
서홍수   24  1964/01/04  58  2008/09/24   2381   209  215  227   263   31   29   39
손영표   02  1966/11/14  55  2006/07/27   2961   233  229  200   182    9   16    4
송문길   40  1971/03/22  51  2013/07/01   2349   341  276  245   334   40   35   35
신삼영   41  1963/11/06  58  2010/07/01   2262   207  199  203   183   10   13   17
심승태   37  1978/02/14  44  2012/05/04   2303   175  209  200   132    8    4    7
안병기   22  1966/01/20  56  2008/07/01   4057   415  372  376   393   32   29   31
안해양   26  1961/07/24  60  1999/08/26   4366   388  354  369   216   17   28   21
우창구   05  1963/04/28  59  2008/07/01   3223   324  277  279   206   25   17   20
유재길   23  1961/07/16  60  2000/04/07   5692   413  441  486   178    7   13   12
이관호   42  1966/08/21  55  2013/11/01   2431   263  217  260   421   36   36   52
이신영   14  1980/04/12  42  2011/07/01   2589   338  217  250   245   22   15   23
이준철   48  1980/02/23  42  2021/07/01    146    24   20   20   146   24   20   20
이희영   13  1960/08/16  61  1986/12/04   8426   669  736  751   157   15   17   15
임봉춘   21  1959/04/14  63  2002/08/22   5306   425  459  529   342   23   40   32
임채덕   35  1970/07/09  51  2020/07/01    256     7   10   15   163    7    8   12
전승규   25  1963/10/04  58  2017/04/26    846   132  106   88   226   26   23   24
정호익   10  1965/03/08  57  2006/03/04   5099   524  536  517   360   37   35   26
조현수   11  1970/04/25  52  2018/07/01    860    37   57   72   238   10   14   20
지용철   49  1959/06/27  62  1986/11/20  12509   933 1085 1120   375   22   26   24
최봉주   16  1962/11/19  59  2007/03/08   2934   215  220  233   232   13   15   13
최상식   28  1960/02/25  62  1993/07/13   6263   476  512  541   192   11   14   18
최영주   03  1966/09/03  55  1997/11/19   4938   363  378  363   127    9    3   10
최용건   51  1967/08/09  54  2020/07/01    371    35   24   29   242   24   13   17
최용구   08  1965/10/08  56  2012/07/01   1769   204  183  161   174   15   16   15
토니     30  1974/04/10  48  2019/09/01    400    29   44   43   192   12   18   16
홍대유   06  1963/01/15  59  2006/07/01   4000   342  349  348   355   35   41   28
