-------------------------------------------------------------------------------------
조교사명 조  생년월일   나이 데뷔일자    총출전  1위  2위  3위 1년출전 1위  2위  3위 
-------------------------------------------------------------------------------------
강성오   09  1966/08/20  55  2018/07/01    574    66   65   48   227   24   26   22
강환민   31  1970/05/26  51  2017/07/01    906   116  107  102   235   21   26   26
곽영효   19  1961/09/24  60  1997/05/28   4702   486  459  414   171   14   21   18
구자흥   07  1963/08/07  58  2010/04/05   1977   153  200  196   120   10    6    4
김동균   52  1975/08/24  46  2012/07/01   2737   281  238  259   353   44   32   41
김동철   53  1974/11/28  47  2016/03/16   1430    82  122  121   242   17   13   16
김윤섭   32  1968/09/20  53  1998/07/02   5009   323  406  423   149    9    6    8
김점오   17  1959/05/20  62  1987/07/10   8685   791  798  751    97    8    7    9
리카디   34  1968/03/02  54  2017/11/26    601    74   79   70   202   31   27   24
박대흥   18  1958/08/07  63  1997/05/28   7084  1013  806  678   310   38   31   23
박병일   27  1964/04/26  58  2011/07/15   1911   165  190  175   220   23   28   19
박윤규   04  1966/09/26  55  2004/07/01   4108   320  361  379   192   18   23   18
박재우   50  1970/01/02  52  2011/01/26   3238   435  359  317   397   38   50   39
박종곤   01  1962/08/26  59  1997/09/04   4685   489  430  450   261   45   26   27
박천서   54  1963/06/08  58  2003/03/05   4430   419  414  420   195   12   12   17
박희철   15  1961/06/26  60  2002/07/01   5108   382  435  444   134   10    7    9
배대선   20  1960/04/02  62  1995/06/26   7792   861  824  816   206   20   13   21
배휴준   29  1966/09/25  55  2005/07/01   4537   317  371  388   205    7   13   11
서범석   12  1964/07/26  57  1999/07/01   4959   438  452  449   246   11   22   16
서인석   33  1968/11/20  53  2010/12/09   4600   415  457  439   474   44   43   43
서정하   43  1958/12/22  63  2004/09/01   2842   162  218  219    83    0    1    7
서홍수   24  1964/01/04  58  2008/09/24   2344   205  210  223   269   31   28   37
손영표   02  1966/11/14  55  2006/07/27   2935   230  225  199   182    7   13    7
송문길   40  1971/03/22  51  2013/07/01   2300   333  272  241   342   38   35   34
신삼영   41  1963/11/06  58  2010/07/01   2238   205  198  201   182   10   16   16
심승태   37  1978/02/14  44  2012/05/04   2280   173  208  197   135    6    3    6
안병기   22  1966/01/20  56  2008/07/01   4004   411  365  374   396   28   28   33
안해양   26  1961/07/24  60  1999/08/26   4337   385  347  365   218   15   23   18
우창구   05  1963/04/28  59  2008/07/01   3196   323  275  276   215   32   18   20
유재길   23  1961/07/16  60  2000/04/07   5666   411  438  483   179    7   11   11
이관호   42  1966/08/21  55  2013/11/01   2360   254  211  250   411   34   31   49
이신영   14  1980/04/12  42  2011/07/01   2554   334  217  246   244   21   16   21
이준철   48  1980/02/23  42  2021/07/01    121    21   16   17   121   21   16   17
이희영   13  1960/08/16  61  1986/12/04   8404   667  732  750   163   13   15   16
임봉춘   21  1959/04/14  63  2002/08/22   5249   420  452  521   348   25   40   31
임채덕   35  1970/07/09  51  2020/07/01    227     5   10   13   146    5   10   11
전승규   25  1963/10/04  58  2017/04/26    809   128  105   82   214   25   26   20
정호익   10  1965/03/08  57  2006/03/04   5036   519  531  512   351   35   36   30
조현수   11  1970/04/25  52  2018/07/01    823    33   54   69   249    8   13   18
지용철   49  1959/06/27  62  1986/11/20  12446   930 1079 1119   377   23   23   27
최봉주   16  1962/11/19  59  2007/03/08   2901   212  219  230   256   12   14   11
최상식   28  1960/02/25  62  1993/07/13   6232   473  511  538   193   10   16   18
최영주   03  1966/09/03  55  1997/11/19   4915   361  378  360   127    7    5    9
최용건   51  1967/08/09  54  2020/07/01    339    33   22   24   246   23   12   16
최용구   08  1965/10/08  56  2012/07/01   1746   202  180  158   182   16   15   15
토니     30  1974/04/10  48  2019/09/01    372    29   40   37   192   14   19   17
홍대유   06  1963/01/15  59  2006/07/01   3946   337  344  341   353   34   38   24
