-------------------------------------------------------------------------------------
조교사명 조  생년월일   나이 데뷔일자    총출전  1위  2위  3위 1년출전 1위  2위  3위 
-------------------------------------------------------------------------------------
강성오   09  1966/08/20  55  2018/07/01    624    75   72   55   227   26   24   26
강환민   31  1970/05/26  52  2017/07/01    953   122  109  107   230   22   22   28
곽영효   19  1961/09/24  60  1997/05/28   4752   490  466  417   190   15   26   21
구자흥   07  1963/08/07  58  2010/04/05   2014   154  202  200   125    7    6    8
김동균   52  1975/08/24  46  2012/07/01   2802   287  249  265   357   40   36   41
김동철   53  1974/11/28  47  2016/03/16   1481    84  127  123   238   15   17   12
김윤섭   32  1968/09/20  53  1998/07/02   5046   324  408  426   154    9    7   10
리카디   34  1968/03/02  54  2017/11/26    656    84   91   73   218   34   34   22
문병기   21  1968/08/07  53  2022/07/01      9     1    2    0     9    1    2    0
박병일   27  1964/04/26  58  2011/07/15   1957   170  193  182   225   21   25   22
박윤규   04  1966/09/26  55  2004/07/01   4145   325  366  379   194   20   25   16
박재우   50  1970/01/02  52  2011/01/26   3310   441  366  324   385   35   47   36
박종곤   01  1962/08/26  59  1997/09/04   4734   500  439  452   264   47   26   24
박천서   54  1963/06/08  59  2003/03/05   4466   424  415  426   198   14   12   21
박희철   15  1961/06/26  61  2002/07/01   5138   384  437  447   134   11    7    5
배대선   20  1960/04/02  62  1995/06/26   7834   864  829  820   190   18   14   19
배휴준   29  1966/09/25  55  2005/07/01   4574   317  374  391   188    6   12    8
서범석   12  1964/07/26  57  1999/07/01   5003   443  456  452   231   14   19   15
서인석   33  1968/11/20  53  2010/12/09   4694   426  464  448   474   44   38   45
서홍수   24  1964/01/04  58  2008/09/24   2396   210  217  230   262   30   29   38
손영표   02  1966/11/14  55  2006/07/27   2970   233  229  202   184    8   16    6
송문길   40  1971/03/22  51  2013/07/01   2365   345  279  247   331   42   36   36
신삼영   41  1963/11/06  58  2010/07/01   2272   209  199  204   184   11   13   18
심승태   37  1978/02/14  44  2012/05/04   2312   177  211  200   133   10    5    7
안병기   22  1966/01/20  56  2008/07/01   4078   416  374  379   391   32   29   30
안해양   26  1961/07/24  60  1999/08/26   4382   390  354  371   220   19   27   20
우창구   05  1963/04/28  59  2008/07/01   3231   324  280  279   201   23   19   20
유재길   23  1961/07/16  61  2000/04/07   5700   413  442  486   173    7   12   12
이관호   42  1966/08/21  55  2013/11/01   2453   264  220  262   418   36   36   53
이신영   14  1980/04/12  42  2011/07/01   2600   341  218  252   240   24   14   22
이준철   48  1980/02/23  42  2021/07/01    151    24   24   20   150   24   24   20
이희영   13  1960/08/16  61  1986/12/04   8438   669  738  754   162   15   19   18
임채덕   35  1970/07/09  52  2020/07/01    264     7   11   16   165    7    9   13
전승규   25  1963/10/04  58  2017/04/26    856   133  107   89   224   25   24   24
정호익   10  1965/03/08  57  2006/03/04   5115   524  538  522   360   34   36   29
조현수   11  1970/04/25  52  2018/07/01    873    37   58   73   236    9   14   21
최봉주   16  1962/11/19  59  2007/03/08   2940   215  220  233   219   13   13   13
최상식   28  1960/02/25  62  1993/07/13   6272   478  512  542   191   13   12   19
최영주   03  1966/09/03  55  1997/11/19   4945   365  379  363   127   11    2    9
최용건   51  1967/08/09  54  2020/07/01    389    38   27   32   246   26   15   17
최용구   08  1965/10/08  56  2012/07/01   1773   204  184  162   169   15   17   15
토니     30  1974/04/10  48  2019/09/01    411    32   44   43   195   14   18   14
홍대유   06  1963/01/15  59  2006/07/01   4018   346  349  349   355   36   40   26
