-------------------------------------------------------------------------------------
조교사명 조  생년월일   나이 데뷔일자    총출전  1위  2위  3위 1년출전 1위  2위  3위 
-------------------------------------------------------------------------------------
강성오   09  1966/08/20  55  2018/07/01    560    65   64   47   225   24   26   22
강환민   31  1970/05/26  51  2017/07/01    887   114  103   96   234   22   26   22
곽영효   19  1961/09/24  60  1997/05/28   4688   485  457  413   167   13   19   17
구자흥   07  1963/08/07  58  2010/04/05   1973   153  200  196   125   11    6    4
김동균   52  1975/08/24  46  2012/07/01   2712   277  236  254   345   41   33   41
김동철   53  1974/11/28  47  2016/03/16   1417    81  121  121   248   16   15   18
김윤섭   32  1968/09/20  53  1998/07/02   5005   323  406  423   157    9    6    9
김점오   17  1959/05/20  62  1987/07/10   8683   791  798  751   102    8    7    9
리카디   34  1968/03/02  54  2017/11/26    588    67   78   70   198   24   28   24
박대흥   18  1958/08/07  63  1997/05/28   7069  1008  804  677   320   36   29   27
박병일   27  1964/04/26  57  2011/07/15   1896   164  187  172   223   23   26   16
박윤규   04  1966/09/26  55  2004/07/01   4099   319  361  379   195   19   23   18
박재우   50  1970/01/02  52  2011/01/26   3217   434  353  315   402   39   49   39
박종곤   01  1962/08/26  59  1997/09/04   4669   489  429  449   263   49   25   29
박천서   54  1963/06/08  58  2003/03/05   4418   418  412  420   198   11   10   18
박희철   15  1961/06/26  60  2002/07/01   5098   382  433  444   131   10    5   10
배대선   20  1960/04/02  62  1995/06/26   7781   859  824  815   208   18   13   21
배휴준   29  1966/09/25  55  2005/07/01   4525   317  371  388   208    7   15   11
서범석   12  1964/07/26  57  1999/07/01   4946   438  452  447   249   12   23   16
서인석   33  1968/11/20  53  2010/12/09   4571   415  456  435   468   45   42   40
서정하   43  1958/12/22  63  2004/09/01   2840   162  218  218    87    0    2    6
서홍수   24  1964/01/04  58  2008/09/24   2331   203  207  222   271   29   26   36
손영표   02  1966/11/14  55  2006/07/27   2926   230  225  199   184    7   14    7
송문길   40  1971/03/22  51  2013/07/01   2282   328  270  239   350   38   38   34
신삼영   41  1963/11/06  58  2010/07/01   2223   204  197  200   181    9   18   15
심승태   37  1978/02/14  44  2012/05/04   2272   173  208  197   130    6    3    6
안병기   22  1966/01/20  56  2008/07/01   3981   410  364  374   393   30   28   33
안해양   26  1961/07/24  60  1999/08/26   4323   384  346  364   220   15   23   17
우창구   05  1963/04/28  58  2008/07/01   3184   322  274  274   214   31   18   22
유재길   23  1961/07/16  60  2000/04/07   5656   410  436  483   178    6   10   11
이관호   42  1966/08/21  55  2013/11/01   2335   252  208  245   411   37   28   45
이신영   14  1980/04/12  41  2011/07/01   2543   333  217  245   251   20   17   22
이준철   48  1980/02/23  42  2021/07/01    110    19   14   14   110   19   14   14
이희영   13  1960/08/16  61  1986/12/04   8395   665  732  749   160   11   16   15
임봉춘   21  1959/04/14  62  2002/08/22   5229   419  451  517   346   26   40   28
임채덕   35  1970/07/09  51  2020/07/01    219     4   10   13   148    4   10   11
전승규   25  1963/10/04  58  2017/04/26    796   126  103   82   215   27   24   22
정호익   10  1965/03/08  57  2006/03/04   5015   519  529  509   353   38   35   29
조현수   11  1970/04/25  51  2018/07/01    805    31   54   67   246    7   14   17
지용철   49  1959/06/27  62  1986/11/20  12422   930 1075 1117   376   24   21   26
최봉주   16  1962/11/19  59  2007/03/08   2882   210  217  229   263   11   14   14
최상식   28  1960/02/25  62  1993/07/13   6221   472  510  536   191   10   16   17
최영주   03  1966/09/03  55  1997/11/19   4907   361  378  360   129    8    5   10
최용건   51  1967/08/09  54  2020/07/01    326    33   22   24   249   25   13   17
최용구   08  1965/10/08  56  2012/07/01   1741   202  178  158   181   17   13   15
토니     30  1974/04/10  48  2019/09/01    354    26   37   37   186   11   18   18
홍대유   06  1963/01/15  59  2006/07/01   3924   335  342  339   353   34   40   25
