-------------------------------------------------------------------------------------
조교사명 조  생년월일   나이 데뷔일자    총출전  1위  2위  3위 1년출전 1위  2위  3위 
-------------------------------------------------------------------------------------
강은석   22  1971/11/10  51  2018/05/17    901    78   74   94   209   21   20   24
강형곤   02  1966/02/07  56  2004/03/02   5763   456  523  549   505   35   40   43
구민성   10  1978/08/11  44  2021/07/01    291    24   25   27   249   21   23   26
구영준   06  1972/06/08  50  2014/09/01   1941   113  151  188   212   16   29   27
권승주   33  1964/01/09  58  2012/03/03   4174   414  428  410   421   48   48   39
김길중   24  1963/03/28  59  2004/05/01   3954   252  318  330   267   18   22   21
김병학   07  1960/03/15  62  2004/03/02   4060   264  303  336   239   21   26   22
김영관   19  1960/06/13  62  2004/03/02   6287  1397  864  707   322   55   47   42
김영민   11  1980/03/08  42  2020/04/10    283    28   43   23   171   17   22   17
라이스   31  1976/09/15  46  2013/11/29   2210   300  231  237   325   43   36   39
문현철   03  1980/11/20  41  2022/07/01     13     2    1    1    13    2    1    1
민장기   21  1966/09/09  56  2004/05/01   5160   546  546  500   288   32   23   30
박재호   13  1978/09/20  44  2021/09/29    121     6    9    7   119    6    9    6
방동석   26  1967/12/09  54  2007/10/01   3119   289  283  318   185   19   14   16
백광열   01  1964/11/24  57  2004/03/02   7229   888  800  811   438   47   55   40
손병직   23  1973/11/14  48  2019/08/07    268    21   13   16    96    8    3    8
안우성   15  1974/01/18  48  2014/06/01   2060   257  256  238   279   37   37   31
양귀선   09  1961/11/10  61  2004/03/02   5082   350  391  442   386   49   40   36
울즐리   30  1962/12/24  59  2007/12/20   3797   643  483  392   345   38   26   28
윤영훈   14  1965/03/03  57  2004/03/02   4662   301  376  380   207   11   21   16
이상영   27  1966/02/14  56  2007/10/01   3491   318  311  320   202   26   20   19
이정표   18  1965/03/02  57  2004/03/02   4481   194  280  335   279   12   15   20
임금만   04  1964/03/10  58  2004/03/02   4843   518  546  503   260   18   17   29
임동창   32  1960/05/05  62  2010/07/14   2246   103  123  164   179   13   11   12
장세한   17  1963/06/12  59  2004/03/02   4919   324  363  439   216   14   14   21
조용배   12  1967/03/16  55  2004/03/02   5115   227  310  383   258    9   16   14
최기홍   20  1964/11/09  58  2004/03/02   4501   393  401  392   132   11    9   10
토마스   08  1982/03/05  40  2015/06/01   2132   277  271  223   357   30   27   30
하무선   28  1968/06/15  54  2007/10/01   2417   136  151  199   177   12   12   19
