-------------------------------------------------------------------------------------
조교사명 조  생년월일   나이 데뷔일자    총출전  1위  2위  3위 1년출전 1위  2위  3위 
-------------------------------------------------------------------------------------
강성오   09  1966/08/20  55  2018/07/01    495    57   55   43   211   21   26   20
강환민   31  1970/05/26  51  2017/07/01    810   108   98   86   211   23   26   19
곽영효   19  1961/09/24  60  1997/05/28   4633   479  450  403   144    9   14   10
구자흥   07  1963/08/07  58  2010/04/05   1945   151  199  195   138   11    6    4
김동균   52  1975/08/24  46  2012/07/01   2605   267  223  240   310   42   29   35
김동철   53  1974/11/28  47  2016/03/16   1355    79  117  116   237   17   14   14
김윤섭   32  1968/09/20  53  1998/07/02   4958   319  406  422   139    5    7   10
김점오   17  1959/05/20  62  1987/07/10   8662   790  796  751   108   10    5   11
리카디   34  1968/03/02  53  2017/11/26    532    58   70   62   179   17   23   22
박대흥   18  1958/08/07  63  1997/05/28   6979   998  798  667   304   38   28   18
박병일   27  1964/04/26  57  2011/07/15   1830   160  178  163   198   21   21   11
박윤규   04  1966/09/26  55  2004/07/01   4036   314  349  374   173   18   14   17
박재우   50  1970/01/02  52  2011/01/26   3098   426  340  305   375   45   51   38
박종곤   01  1962/08/26  59  1997/09/04   4595   476  425  440   243   46   27   28
박천서   54  1963/06/08  58  2003/03/05   4360   416  412  416   191   12   12   16
박희철   15  1961/06/26  60  2002/07/01   5063   380  433  443   122    8    5    9
배대선   20  1960/04/02  61  1995/06/26   7746   857  821  811   235   16   11   23
배휴준   29  1966/09/25  55  2005/07/01   4462   315  366  386   193    7   11   10
서범석   12  1964/07/26  57  1999/07/01   4871   434  445  444   220   12   21   15
서인석   33  1968/11/20  53  2010/12/09   4449   409  447  422   453   45   47   35
서정하   43  1958/12/22  63  2004/09/01   2820   162  218  218    88    1    3    7
서홍수   24  1964/01/04  57  2008/09/24   2262   197  204  210   251   27   27   30
손영표   02  1966/11/14  55  2006/07/27   2872   229  220  198   163    8   10    9
송문길   40  1971/03/22  50  2013/07/01   2186   318  263  227   343   43   38   29
신삼영   41  1963/11/06  58  2010/07/01   2177   202  193  196   181    7   15   14
심승태   37  1978/02/14  43  2012/05/04   2235   171  206  194   115    4    1    5
안병기   22  1966/01/20  55  2008/07/01   3872   398  355  365   360   25   23   29
안해양   26  1961/07/24  60  1999/08/26   4266   378  342  361   214   10   22   20
우창구   05  1963/04/28  58  2008/07/01   3133   315  272  267   202   26   17   19
유재길   23  1961/07/16  60  2000/04/07   5605   409  432  478   154    5    7    9
이관호   42  1966/08/21  55  2013/11/01   2212   245  202  232   377   34   29   38
이신영   14  1980/04/12  41  2011/07/01   2471   322  209  241   233   17   13   20
이준철   48  1980/02/23  41  2021/07/01     71    13   11   11    71   13   11   11
이희영   13  1960/08/16  61  1986/12/04   8350   662  728  743   151   10   14   14
임봉춘   21  1959/04/14  62  2002/08/22   5138   414  439  511   329   24   34   27
임채덕   35  1970/07/09  51  2020/07/01    174     4    7    7   127    4    7    5
전승규   25  1963/10/04  58  2017/04/26    729   116   93   76   199   22   21   22
정호익   10  1965/03/05  56  2006/03/04   4907   503  514  503   324   33   30   31
조현수   11  1970/04/25  51  2018/07/01    734    30   47   61   232    7    8   17
지용철   49  1959/06/27  62  1986/11/20  12322   920 1072 1111   336   15   25   24
최봉주   16  1962/11/19  59  2007/03/08   2828   207  214  225   262   11   12   16
최상식   28  1960/02/25  61  1993/07/13   6162   469  506  532   174   11   19   16
최영주   03  1966/09/03  55  1997/11/19   4864   356  377  359   126    3    4   11
최용건   51  1967/08/09  54  2020/07/01    253    23   16   22   207   18   10   16
최용구   08  1965/10/08  56  2012/07/01   1688   194  174  154   170   11   11   13
토니     30  1974/04/10  47  2019/09/01    298    25   35   35   161   13   17   18
홍대유   06  1963/01/15  58  2006/07/01   3818   326  329  337   332   29   36   26
