-------------------------------------------------------------------------------------
조교사명 조  생년월일   나이 데뷔일자    총출전  1위  2위  3위 1년출전 1위  2위  3위 
-------------------------------------------------------------------------------------
강성오   09  1966/08/20  55  2018/07/01    603    73   70   50   233   28   27   23
강환민   31  1970/05/26  52  2017/07/01    935   121  108  106   239   24   24   29
곽영효   19  1961/09/24  60  1997/05/28   4728   488  463  415   183   15   25   19
구자흥   07  1963/08/07  58  2010/04/05   1999   153  200  199   122    9    4    7
김동균   52  1975/08/24  46  2012/07/01   2768   286  242  260   348   42   31   39
김동철   53  1974/11/28  47  2016/03/16   1458    83  125  122   241   17   16   13
김윤섭   32  1968/09/20  53  1998/07/02   5028   323  407  426   151    8    6   10
김점오   17  1959/05/20  63  1987/07/10   8690   791  799  751    89    7    7    7
리카디   34  1968/03/02  54  2017/11/26    632    79   87   71   210   31   32   21
박대흥   18  1958/08/07  63  1997/05/28   7113  1015  809  683   307   37   32   25
박병일   27  1964/04/26  58  2011/07/15   1934   167  192  180   217   21   28   22
박윤규   04  1966/09/26  55  2004/07/01   4126   324  362  379   188   22   21   16
박재우   50  1970/01/02  52  2011/01/26   3273   440  361  319   386   36   46   35
박종곤   01  1962/08/26  59  1997/09/04   4716   495  436  451   264   45   25   25
박천서   54  1963/06/08  59  2003/03/05   4453   420  414  422   199   11   11   17
박희철   15  1961/06/26  60  2002/07/01   5124   384  437  445   138   11    9    7
배대선   20  1960/04/02  62  1995/06/26   7815   863  826  816   195   19   13   18
배휴준   29  1966/09/25  55  2005/07/01   4560   317  373  389   197    6   11    9
서범석   12  1964/07/26  57  1999/07/01   4979   441  453  451   229   12   19   16
서인석   33  1968/11/20  53  2010/12/09   4650   421  458  441   469   46   37   40
서정하   43  1958/12/22  63  2004/09/01   2849   162  219  219    75    0    2    7
서홍수   24  1964/01/04  58  2008/09/24   2373   207  215  225   262   30   29   37
손영표   02  1966/11/14  55  2006/07/27   2955   232  228  200   182    8   15    4
송문길   40  1971/03/22  51  2013/07/01   2337   339  276  243   334   40   35   35
신삼영   41  1963/11/06  58  2010/07/01   2256   206  199  203   181   10   15   17
심승태   37  1978/02/14  44  2012/05/04   2300   175  209  199   133    8    4    6
안병기   22  1966/01/20  56  2008/07/01   4047   415  370  376   395   32   28   32
안해양   26  1961/07/24  60  1999/08/26   4358   386  352  369   216   16   27   22
우창구   05  1963/04/28  59  2008/07/01   3215   323  275  279   208   27   16   21
유재길   23  1961/07/16  60  2000/04/07   5683   411  441  485   174    5   13   11
이관호   42  1966/08/21  55  2013/11/01   2415   260  216  260   420   36   36   54
이신영   14  1980/04/12  42  2011/07/01   2584   337  217  249   248   22   15   23
이준철   48  1980/02/23  42  2021/07/01    141    24   19   19   141   24   19   19
이희영   13  1960/08/16  61  1986/12/04   8422   669  736  751   161   15   18   16
임봉춘   21  1959/04/14  63  2002/08/22   5291   423  457  527   339   21   39   33
임채덕   35  1970/07/09  51  2020/07/01    248     7   10   15   158    7    9   12
전승규   25  1963/10/04  58  2017/04/26    840   131  106   88   227   26   25   24
정호익   10  1965/03/08  57  2006/03/04   5082   523  535  516   358   36   37   28
조현수   11  1970/04/25  52  2018/07/01    850    36   56   71   242    9   13   19
지용철   49  1959/06/27  62  1986/11/20  12494   931 1083 1120   374   20   24   25
최봉주   16  1962/11/19  59  2007/03/08   2921   213  220  233   229   11   15   13
최상식   28  1960/02/25  62  1993/07/13   6253   476  512  540   192   11   16   18
최영주   03  1966/09/03  55  1997/11/19   4934   362  378  363   128    8    3   10
최용건   51  1967/08/09  54  2020/07/01    362    33   24   29   245   22   14   18
최용구   08  1965/10/08  56  2012/07/01   1762   204  182  160   176   16   15   16
토니     30  1974/04/10  48  2019/09/01    394    29   44   41   197   14   20   18
홍대유   06  1963/01/15  59  2006/07/01   3986   339  348  345   353   33   40   25
