-------------------------------------------------------------------------------------
조교사명 조  생년월일   나이 데뷔일자    총출전  1위  2위  3위 1년출전 1위  2위  3위 
-------------------------------------------------------------------------------------
강은석   22  1971/11/10  50  2018/05/17    887    77   72   92   226   20   26   26
강형곤   02  1966/02/07  56  2004/03/02   5702   454  517  541   487   37   37   39
구민성   10  1978/08/11  44  2021/07/01    262    21   25   21   238   20   25   20
구영준   06  1972/06/08  50  2014/09/01   1919   112  148  187   218   17   28   27
권승주   33  1964/01/09  58  2012/03/03   4134   409  423  408   414   46   43   46
김길중   24  1963/03/28  59  2004/05/01   3930   251  317  325   270   18   21   17
김병학   07  1960/03/15  62  2004/03/02   4036   261  301  335   233   19   28   22
김영관   19  1960/06/13  62  2004/03/02   6253  1393  859  704   318   59   45   43
김영민   11  1980/03/08  42  2020/04/10    260    27   40   19   148   16   19   13
라이스   31  1976/09/15  46  2013/11/29   2177   293  230  232   327   38   38   37
문현철   03  1980/11/20  41  2022/07/01      3     0    0    1     3    0    0    1
민장기   21  1966/09/09  56  2004/05/01   5132   543  544  492   287   33   22   25
박재호   13  1978/09/20  44  2021/09/29    109     5    9    6   109    5    9    6
방동석   26  1967/12/09  54  2007/10/01   3106   287  283  318   196   21   19   16
백광열   01  1964/11/24  57  2004/03/02   7177   880  794  805   430   48   51   38
손병직   23  1973/11/14  48  2019/08/07    254    21   13   16    82    8    3    8
안우성   15  1974/01/18  48  2014/06/01   2035   254  251  236   278   35   37   30
양귀선   09  1961/11/10  60  2004/03/02   5041   344  384  442   381   44   33   42
울즐리   30  1962/12/24  59  2007/12/20   3765   639  481  392   347   38   25   30
유병복   05  1961/01/01  61  2004/03/02   4480   508  468  435     0    0    0    0
윤영훈   14  1965/03/03  57  2004/03/02   4649   299  375  379   213   10   20   16
이상영   27  1966/02/14  56  2007/10/01   3471   314  309  319   200   24   19   20
이정표   18  1965/03/02  57  2004/03/02   4449   192  274  333   268   10   10   18
임금만   04  1964/03/10  58  2004/03/02   4812   515  542  500   255   17   15   26
임동창   32  1960/05/05  62  2010/07/14   2230   103  123  162   180   14   15   10
장세한   17  1963/06/12  59  2004/03/02   4898   323  362  438   216   14   15   20
조용배   12  1967/03/16  55  2004/03/02   5086   227  309  381   254    9   17   12
최기홍   20  1964/11/09  57  2004/03/02   4485   393  400  390   132   12   10    9
토마스   08  1982/03/05  40  2015/06/01   2103   277  269  219   372   35   31   35
하무선   28  1968/06/15  54  2007/10/01   2392   134  148  196   157   11    9   16
