-------------------------------------------------------------------------------------
조교사명 조  생년월일   나이 데뷔일자    총출전  1위  2위  3위 1년출전 1위  2위  3위 
-------------------------------------------------------------------------------------
강은석   22  1971/11/10  50  2018/05/17    876    75   70   91   232   18   25   26
강형곤   02  1966/02/07  56  2004/03/02   5653   452  515  538   455   37   35   36
구민성   10  1978/08/11  44  2021/07/01    241    16   24   19   229   16   24   18
구영준   06  1972/06/08  50  2014/09/01   1904   110  146  185   214   15   26   26
권승주   33  1964/01/09  58  2012/03/03   4098   405  420  404   398   42   40   43
김길중   24  1963/03/28  59  2004/05/01   3908   248  315  324   260   15   19   16
김병학   07  1960/03/15  62  2004/03/02   4011   260  297  332   220   20   25   20
김영관   19  1960/06/13  62  2004/03/02   6231  1387  855  701   332   60   45   43
김영민   11  1980/03/08  42  2020/04/10    246    25   39   18   134   14   18   12
라이스   31  1976/09/15  45  2013/11/29   2155   291  228  230   325   37   39   39
문현철   03  1980/11/20  41  2022/07/01      0     0    0    0     0    0    0    0
민장기   21  1966/09/09  56  2004/05/01   5111   542  540  489   286   35   20   22
박재호   13  1978/09/20  43  2021/09/29    100     5    9    6   100    5    9    6
방동석   26  1967/12/09  54  2007/10/01   3090   287  281  318   196   22   19   19
백광열   01  1964/11/24  57  2004/03/02   7139   877  787  801   419   47   48   39
손병직   23  1973/11/14  48  2019/08/07    243    20   13   15    71    7    3    7
안우성   15  1974/01/18  48  2014/06/01   2018   252  248  234   276   33   35   28
양귀선   09  1961/11/10  60  2004/03/02   5007   341  381  440   370   42   31   42
울즐리   30  1962/12/24  59  2007/12/20   3732   636  479  389   339   37   30   28
유병복   05  1961/01/01  61  2004/03/02   4480   508  468  435     1    0    0    0
윤영훈   14  1965/03/03  57  2004/03/02   4635   297  373  379   209    9   19   17
이상영   27  1966/02/14  56  2007/10/01   3458   312  309  316   196   22   20   19
이정표   18  1965/03/02  57  2004/03/02   4421   190  273  330   250    9   10   15
임금만   04  1964/03/10  58  2004/03/02   4793   512  541  497   252   15   16   24
임동창   32  1960/05/05  62  2010/07/14   2213   103  120  162   179   15   12   11
장세한   17  1963/06/12  59  2004/03/02   4879   322  360  435   208   13   13   18
조용배   12  1967/03/16  55  2004/03/02   5064   227  309  380   245    9   17   14
최기홍   20  1964/11/09  57  2004/03/02   4473   391  399  390   128   13    9    9
토마스   08  1982/03/05  40  2015/06/01   2072   275  267  217   367   40   31   35
하무선   28  1968/06/15  54  2007/10/01   2376   134  148  193   142   11    9   13
