-------------------------------------------------------------------------------------
조교사명 조  생년월일   나이 데뷔일자    총출전  1위  2위  3위 1년출전 1위  2위  3위 
-------------------------------------------------------------------------------------
강은석   22  1971/11/10  51  2018/05/17    921    79   76   97   192   17   19   22
강형곤   02  1966/02/07  56  2004/03/02   5833   465  528  554   522   44   40   46
구민성   10  1978/08/11  44  2021/07/01    322    28   27   29   247   23   23   24
구영준   06  1972/06/08  50  2014/09/01   1967   113  153  190   206   12   25   27
권승주   33  1964/01/09  58  2012/03/03   4245   421  439  419   441   50   55   43
김길중   24  1963/03/28  59  2004/05/01   3979   254  322  332   256   20   25   19
김병학   07  1960/03/15  62  2004/03/02   4090   267  306  340   242   23   25   22
김영관   19  1960/06/13  62  2004/03/02   6326  1403  868  709   317   54   46   40
김영민   11  1980/03/08  42  2020/04/10    305    29   48   26   187   18   27   20
라이스   31  1976/09/15  46  2013/11/29   2248   305  233  239   324   44   36   37
문현철   03  1980/11/20  42  2022/07/01     29     3    1    4    29    3    1    4
민장기   21  1966/09/09  56  2004/05/01   5204   550  552  502   293   31   27   30
박재호   13  1978/09/20  44  2021/09/29    136     7   10    7   125    7    8    6
방동석   26  1967/12/09  55  2007/10/01   3143   292  283  319   180   18   13   16
백광열   01  1964/11/24  58  2004/03/02   7285   894  803  818   441   46   50   43
손병직   23  1973/11/14  49  2019/08/07    287    21   15   17   115    8    5    9
안우성   15  1974/01/18  48  2014/06/01   2101   263  264  240   274   37   42   31
양귀선   09  1961/11/10  61  2004/03/02   5138   355  395  446   397   46   44   33
울즐리   30  1962/12/24  60  2007/12/20   3837   645  487  395   335   37   25   25
윤영훈   14  1965/03/03  57  2004/03/02   4693   303  378  383   209   11   19   16
이상영   27  1966/02/14  56  2007/10/01   3518   321  312  322   200   27   16   17
이정표   18  1965/03/02  57  2004/03/02   4515   195  282  338   283   11   15   23
임금만   04  1964/03/10  58  2004/03/02   4886   522  553  511   263   21   23   31
임동창   32  1960/05/05  62  2010/07/14   2271   107  123  167   177   13   11   13
장세한   17  1963/06/12  59  2004/03/02   4959   327  368  440   232   17   16   19
조용배   12  1967/03/16  55  2004/03/02   5148   228  311  387   257    7   13   18
최기홍   20  1964/11/09  58  2004/03/02   4518   395  402  392   138   12   10    9
토마스   08  1982/03/05  40  2015/06/01   2169   280  273  227   346   30   23   31
하무선   28  1968/06/15  54  2007/10/01   2446   137  151  204   193   12   12   22
