-------------------------------------------------------------------------------------
조교사명 조  생년월일   나이 데뷔일자    총출전  1위  2위  3위 1년출전 1위  2위  3위 
-------------------------------------------------------------------------------------
강은석   22  1971/11/10  50  2018/05/17    756    63   58   79   292   18   25   25
강형곤   02  1966/02/07  56  2004/03/02   5354   422  490  510   406   24   38   27
구민성   10  1978/08/11  43  2021/07/01    100     6    6    5   100    6    6    5
구영준   06  1972/06/08  49  2014/09/01   1783   103  131  167   244   12   16   22
권승주   33  1964/01/09  58  2012/03/03   3845   373  392  377   362   39   31   32
김길중   24  1963/03/28  58  2004/05/01   3752   238  298  315   250   15   11   15
김병학   07  1960/03/15  61  2004/03/02   3874   249  281  322   197   16   19   18
김영관   19  1960/06/13  61  2004/03/02   6041  1354  829  672   349   65   35   41
김영민   11  1980/03/08  41  2020/04/10    139    14   23    6    27    3    2    0
김재섭   16  1963/09/23  58  2004/03/02   5086   556  470  463   253   17   24   24
라이스   31  1976/09/15  45  2013/11/29   1949   264  201  204   305   47   28   30
민장기   21  1966/09/09  55  2004/05/01   4941   522  527  476   296   37   29   27
박재호   13  1978/09/20  43  2021/09/29     18     0    2    2    18    0    2    2
방동석   26  1967/12/09  54  2007/10/01   2985   279  270  306   221   29   18   13
백광열   01  1964/11/24  57  2004/03/02   6884   850  762  778   429   55   48   48
손병직   23  1973/11/14  48  2019/08/07    176    14   10    8     4    1    0    0
안우성   15  1974/01/18  48  2014/06/01   1857   229  225  212   296   21   34   25
양귀선   09  1961/11/10  60  2004/03/02   4780   314  353  417   354   32   27   40
울즐리   30  1962/12/24  59  2007/12/20   3538   611  463  374   312   32   40   33
유병복   05  1961/01/01  61  2004/03/02   4480   508  468  435   117    5    4    9
윤영훈   14  1965/03/03  56  2004/03/02   4506   294  360  370   189   13   13   14
이상영   27  1966/02/14  55  2007/10/01   3341   296  298  306   188    8   12   15
이정표   18  1965/03/02  56  2004/03/02   4256   185  268  317   224    4    7    3
임금만   04  1964/03/10  57  2004/03/02   4649   503  532  482   285   21   27   23
임동창   32  1960/05/05  61  2010/07/14   2116    95  113  154   200   11    9   10
장세한   17  1963/06/12  58  2004/03/02   4751   311  354  426   218    4   12   19
조용배   12  1967/03/16  54  2004/03/02   4913   221  301  370   256    6   14   13
최기홍   20  1964/11/09  57  2004/03/02   4397   383  392  383   131   10    8    8
토마스   08  1982/03/05  39  2015/06/01   1860   253  253  198   365   39   41   36
하무선   28  1968/06/15  53  2007/10/01   2266   126  140  183    69    3    3    4
