-------------------------------------------------------------------------------------
조교사명 조  생년월일   나이 데뷔일자    총출전  1위  2위  3위 1년출전 1위  2위  3위 
-------------------------------------------------------------------------------------
강은석   22  1971/11/10  50  2018/05/17    856    72   69   90   252   19   27   28
강형곤   02  1966/02/07  56  2004/03/02   5589   447  513  535   449   35   39   38
구민성   10  1978/08/11  43  2021/07/01    212    15   22   15   212   15   22   15
구영준   06  1972/06/08  50  2014/09/01   1879   108  141  182   234   14   23   28
권승주   33  1964/01/09  58  2012/03/03   4041   399  411  398   403   43   37   43
김길중   24  1963/03/28  59  2004/05/01   3878   247  311  324   263   15   19   17
김병학   07  1960/03/15  62  2004/03/02   3980   257  295  330   217   18   27   20
김영관   19  1960/06/13  62  2004/03/02   6192  1380  849  695   345   60   45   44
김영민   11  1980/03/08  42  2020/04/10    220    22   37   14   108   11   16    8
라이스   31  1976/09/15  45  2013/11/29   2107   283  221  221   325   43   34   34
문현철   03  1980/11/20  41  2022/07/01      0     0    0    0     0    0    0    0
민장기   21  1966/09/09  55  2004/05/01   5076   539  537  485   290   34   23   22
박재호   13  1978/09/20  43  2021/09/29     86     4    7    4    86    4    7    4
방동석   26  1967/12/09  54  2007/10/01   3070   286  281  316   208   25   19   19
백광열   01  1964/11/24  57  2004/03/02   7091   874  783  799   436   55   48   46
손병직   23  1973/11/14  48  2019/08/07    225    19   12   15    53    6    2    7
안우성   15  1974/01/18  48  2014/06/01   1988   248  244  230   289   30   38   24
양귀선   09  1961/11/10  60  2004/03/02   4960   332  371  435   367   38   26   44
울즐리   30  1962/12/24  59  2007/12/20   3691   628  475  386   334   31   34   27
유병복   05  1961/01/01  61  2004/03/02   4480   508  468  435    33    3    1    1
윤영훈   14  1965/03/03  57  2004/03/02   4614   297  372  377   207   11   19   16
이상영   27  1966/02/14  56  2007/10/01   3429   308  307  312   192   20   19   15
이정표   18  1965/03/02  57  2004/03/02   4384   190  272  325   239    9    9   11
임금만   04  1964/03/10  58  2004/03/02   4762   511  537  494   268   18   15   23
임동창   32  1960/05/05  62  2010/07/14   2194   102  119  162   186   14   11   14
장세한   17  1963/06/12  59  2004/03/02   4854   320  359  434   212   11   14   21
조용배   12  1967/03/16  55  2004/03/02   5041   226  309  380   259    8   19   17
최기홍   20  1964/11/09  57  2004/03/02   4457   390  396  389   129   14    7   11
토마스   08  1982/03/05  40  2015/06/01   2027   272  266  209   374   44   36   32
하무선   28  1968/06/15  54  2007/10/01   2353   131  146  192   127    8    8   13
