-------------------------------------------------------------------------------------
조교사명 조  생년월일   나이 데뷔일자    총출전  1위  2위  3위 1년출전 1위  2위  3위 
-------------------------------------------------------------------------------------
강성오   09  1966/08/20  55  2018/07/01    503    59   56   43   208   21   25   20
강환민   31  1970/05/26  51  2017/07/01    821   108   99   87   214   23   25   18
곽영효   19  1961/09/24  60  1997/05/28   4640   479  451  403   148    9   15   10
구자흥   07  1963/08/07  58  2010/04/05   1952   151  199  195   140   10    5    4
김동균   52  1975/08/24  46  2012/07/01   2623   269  226  242   312   44   32   33
김동철   53  1974/11/28  47  2016/03/16   1365    79  119  116   235   15   16   13
김윤섭   32  1968/09/20  53  1998/07/02   4964   319  406  422   140    5    7   10
김점오   17  1959/05/20  62  1987/07/10   8667   790  796  751   110   10    5   10
리카디   34  1968/03/02  53  2017/11/26    538    58   72   62   179   17   24   22
박대흥   18  1958/08/07  63  1997/05/28   6993   999  798  668   307   35   28   19
박병일   27  1964/04/26  57  2011/07/15   1842   160  179  166   205   21   21   13
박윤규   04  1966/09/26  55  2004/07/01   4047   315  351  375   179   19   15   17
박재우   50  1970/01/02  52  2011/01/26   3117   426  341  305   378   43   50   36
박종곤   01  1962/08/26  59  1997/09/04   4611   480  426  442   250   49   28   30
박천서   54  1963/06/08  58  2003/03/05   4370   417  412  416   193   12   11   15
박희철   15  1961/06/26  60  2002/07/01   5067   380  433  443   125    8    5    9
배대선   20  1960/04/02  61  1995/06/26   7746   857  821  811   229   16   11   22
배휴준   29  1966/09/25  55  2005/07/01   4471   315  366  386   195    6   11   10
서범석   12  1964/07/26  57  1999/07/01   4886   436  449  445   229   14   23   16
서인석   33  1968/11/20  53  2010/12/09   4466   410  449  424   456   45   47   35
서정하   43  1958/12/22  63  2004/09/01   2826   162  218  218    93    1    3    7
서홍수   24  1964/01/04  58  2008/09/24   2275   199  204  212   258   28   27   31
손영표   02  1966/11/14  55  2006/07/27   2880   230  220  199   169    9   10   10
송문길   40  1971/03/22  50  2013/07/01   2206   318  264  230   348   42   38   32
신삼영   41  1963/11/06  58  2010/07/01   2182   202  194  196   177    7   16   13
심승태   37  1978/02/14  43  2012/05/04   2239   172  206  194   116    5    1    4
안병기   22  1966/01/20  55  2008/07/01   3894   401  357  367   367   26   25   30
안해양   26  1961/07/24  60  1999/08/26   4277   379  343  362   216   11   23   20
우창구   05  1963/04/28  58  2008/07/01   3144   318  272  269   208   29   17   21
유재길   23  1961/07/16  60  2000/04/07   5616   409  432  479   162    5    7   10
이관호   42  1966/08/21  55  2013/11/01   2231   247  202  234   380   36   27   39
이신영   14  1980/04/12  41  2011/07/01   2483   323  210  241   240   18   13   20
이준철   48  1980/02/23  41  2021/07/01     76    13   12   11    76   13   12   11
이희영   13  1960/08/16  61  1986/12/04   8357   662  729  744   155   10   15   14
임봉춘   21  1959/04/14  62  2002/08/22   5153   415  440  513   332   24   35   28
임채덕   35  1970/07/09  51  2020/07/01    181     4    7    8   128    4    7    6
전승규   25  1963/10/04  58  2017/04/26    742   119   95   76   200   24   22   19
정호익   10  1965/03/05  56  2006/03/04   4923   505  517  503   325   31   32   30
조현수   11  1970/04/25  51  2018/07/01    744    30   49   63   235    6    9   19
지용철   49  1959/06/27  62  1986/11/20  12341   920 1072 1112   345   15   22   25
최봉주   16  1962/11/19  59  2007/03/08   2835   207  215  227   263   11   13   18
최상식   28  1960/02/25  61  1993/07/13   6171   469  506  532   178   10   17   16
최영주   03  1966/09/03  55  1997/11/19   4870   359  377  359   127    6    4   10
최용건   51  1967/08/09  54  2020/07/01    263    23   16   23   214   18   10   17
최용구   08  1965/10/08  56  2012/07/01   1695   194  175  156   175   11   12   15
토니     30  1974/04/10  47  2019/09/01    309    25   35   35   168   12   16   18
홍대유   06  1963/01/15  59  2006/07/01   3839   329  331  337   335   32   36   25
