-------------------------------------------------------------------------------------
조교사명 조  생년월일   나이 데뷔일자    총출전  1위  2위  3위 1년출전 1위  2위  3위 
-------------------------------------------------------------------------------------
강성오   09  1966/08/20  56  2018/07/01    656    77   78   57   232   27   28   24
강환민   31  1970/05/26  52  2017/07/01    984   123  114  111   246   22   25   29
곽영효   19  1961/09/24  60  1997/05/28   4782   493  469  419   205   17   27   20
구자흥   07  1963/08/07  59  2010/04/05   2032   155  203  201   132    7    7    8
김동균   52  1975/08/24  47  2012/07/01   2839   288  250  267   356   36   37   37
김동철   53  1974/11/28  47  2016/03/16   1509    85  130  126   237   14   18   12
김윤섭   32  1968/09/20  53  1998/07/02   5067   325  410  426   157    9    9    9
리카디   34  1968/03/02  54  2017/11/26    679    87   96   75   221   35   36   23
문병기   21  1968/08/07  54  2022/07/01     29     3    4    0    29    3    4    0
박병일   27  1964/04/26  58  2011/07/15   1980   171  195  183   232   21   24   21
박윤규   04  1966/09/26  55  2004/07/01   4177   329  367  381   207   21   25   18
박재우   50  1970/01/02  52  2011/01/26   3362   450  371  327   395   39   47   34
박종곤   01  1962/08/26  60  1997/09/04   4764   506  445  457   268   48   28   26
박천서   54  1963/06/08  59  2003/03/05   4490   428  417  428   203   16   13   22
박희철   15  1961/06/26  61  2002/07/01   5160   385  437  451   141   11    5    9
배대선   20  1960/04/02  62  1995/06/26   7851   868  831  821   177   21   14   15
배휴준   29  1966/09/25  55  2005/07/01   4594   320  375  392   194    8   12    9
서범석   12  1964/07/26  58  1999/07/01   5027   444  458  452   234   13   18   14
서인석   33  1968/11/20  53  2010/12/09   4738   433  470  455   466   42   39   49
서홍수   24  1964/01/04  58  2008/09/24   2440   217  222  237   277   36   30   42
손영표   02  1966/11/14  55  2006/07/27   2989   233  231  204   180    7   15    8
송문길   40  1971/03/22  51  2013/07/01   2393   350  280  249   326   45   32   33
신삼영   41  1963/11/06  58  2010/07/01   2285   209  200  204   178   11   11   17
심승태   37  1978/02/14  44  2012/05/04   2340   178  213  203   155   10    7   10
안병기   22  1966/01/20  56  2008/07/01   4113   418  380  382   384   30   32   31
안해양   26  1961/07/24  61  1999/08/26   4410   391  358  373   221   19   29   20
우창구   05  1963/04/28  59  2008/07/01   3255   326  282  283   198   22   16   22
유재길   23  1961/07/16  61  2000/04/07   5728   414  443  488   182    8   13   13
이관호   42  1966/08/21  56  2013/11/01   2497   268  226  269   421   33   35   57
이신영   14  1980/04/12  42  2011/07/01   2618   344  218  253   232   26   12   22
이준철   48  1980/02/23  42  2021/07/01    167    29   24   22   150   25   21   20
이희영   13  1960/08/16  62  1986/12/04   8454   673  741  755   165   18   20   17
임채덕   35  1970/07/09  52  2020/07/01    288     7   12   18   172    6    9   15
전승규   25  1963/10/04  58  2017/04/26    874   133  108   92   226   22   24   26
정호익   10  1965/03/08  57  2006/03/04   5155   527  543  530   369   32   39   36
제인     90  1966/10/21  55  2022/08/18      0     0    0    0     0    0    0    0
조현수   11  1970/04/25  52  2018/07/01    903    38   59   75   240   10   14   19
최봉주   16  1962/11/19  59  2007/03/08   2968   215  224  238   223   12   16   15
최상식   28  1960/02/25  62  1993/07/13   6290   480  514  544   188   14   13   21
최영주   03  1966/09/03  55  1997/11/19   4958   366  381  363   131   12    4    8
최용건   51  1967/08/09  55  2020/07/01    420    45   29   35   249   31   15   16
최용구   08  1965/10/08  56  2012/07/01   1791   205  186  165   167   15   17   17
토니     30  1974/04/10  48  2019/09/01    427    34   47   46   191   12   20   14
홍대유   06  1963/01/15  59  2006/07/01   4058   351  350  351   359   37   36   23
