-------------------------------------------------------------------------------------
조교사명 조  생년월일   나이 데뷔일자    총출전  1위  2위  3위 1년출전 1위  2위  3위 
-------------------------------------------------------------------------------------
강은석   22  1971/11/10  51  2018/05/17    907    78   75   95   209   20   21   25
강형곤   02  1966/02/07  56  2004/03/02   5774   458  524  551   509   37   39   45
구민성   10  1978/08/11  44  2021/07/01    293    25   25   27   248   22   23   26
구영준   06  1972/06/08  50  2014/09/01   1945   113  151  188   210   16   28   27
권승주   33  1964/01/09  58  2012/03/03   4186   414  430  411   425   47   50   39
김길중   24  1963/03/28  59  2004/05/01   3958   252  319  330   266   18   23   21
김병학   07  1960/03/15  62  2004/03/02   4065   265  303  336   242   21   26   22
김영관   19  1960/06/13  62  2004/03/02   6292  1397  865  707   319   53   47   42
김영민   11  1980/03/08  42  2020/04/10    286    28   44   23   174   17   23   17
라이스   31  1976/09/15  46  2013/11/29   2216   303  231  237   328   46   36   37
문현철   03  1980/11/20  42  2022/07/01     13     2    1    1    13    2    1    1
민장기   21  1966/09/09  56  2004/05/01   5170   548  546  501   294   34   23   31
박재호   13  1978/09/20  44  2021/09/29    122     6    9    7   118    6    8    6
방동석   26  1967/12/09  54  2007/10/01   3125   289  283  318   187   18   14   16
백광열   01  1964/11/24  57  2004/03/02   7239   889  800  812   439   48   54   40
손병직   23  1973/11/14  49  2019/08/07    271    21   14   17    99    8    4    9
안우성   15  1974/01/18  48  2014/06/01   2069   258  259  238   280   35   40   31
양귀선   09  1961/11/10  61  2004/03/02   5093   350  391  443   388   46   40   36
울즐리   30  1962/12/24  59  2007/12/20   3808   643  483  393   347   37   25   29
윤영훈   14  1965/03/03  57  2004/03/02   4667   301  376  381   209   11   21   15
이상영   27  1966/02/14  56  2007/10/01   3495   319  311  320   202   27   19   18
이정표   18  1965/03/02  57  2004/03/02   4488   194  281  335   282   12   16   20
임금만   04  1964/03/10  58  2004/03/02   4848   518  548  503   259   18   19   28
임동창   32  1960/05/05  62  2010/07/14   2252   104  123  165   183   14   11   13
장세한   17  1963/06/12  59  2004/03/02   4925   325  364  440   217   15   15   21
조용배   12  1967/03/16  55  2004/03/02   5118   227  310  383   253    9   15   14
최기홍   20  1964/11/09  58  2004/03/02   4504   393  401  392   134   11    9   10
토마스   08  1982/03/05  40  2015/06/01   2138   278  271  225   358   31   25   31
하무선   28  1968/06/15  54  2007/10/01   2422   136  151  200   180   12   12   19
