-------------------------------------------------------------------------------------
조교사명 조  생년월일   나이 데뷔일자    총출전  1위  2위  3위 1년출전 1위  2위  3위 
-------------------------------------------------------------------------------------
강은석   22  1971/11/10  50  2018/05/17    836    69   68   88   283   20   29   32
강형곤   02  1966/02/07  56  2004/03/02   5509   436  508  525   442   28   43   33
구민성   10  1978/08/11  43  2021/07/01    180    11   19   13   180   11   19   13
구영준   06  1972/06/08  49  2014/09/01   1844   105  136  174   239   11   19   24
권승주   33  1964/01/09  58  2012/03/03   3976   389  405  393   397   45   35   44
김길중   24  1963/03/28  59  2004/05/01   3835   244  307  321   247   15   18   16
김병학   07  1960/03/15  62  2004/03/02   3948   254  291  327   214   17   24   21
김영관   19  1960/06/13  61  2004/03/02   6146  1375  843  686   362   69   44   43
김영민   11  1980/03/08  42  2020/04/10    198    19   35   12    86    8   14    6
라이스   31  1976/09/15  45  2013/11/29   2057   274  214  215   328   48   33   30
민장기   21  1966/09/09  55  2004/05/01   5033   536  532  481   294   37   21   24
박재호   13  1978/09/20  43  2021/09/29     60     4    6    3    60    4    6    3
방동석   26  1967/12/09  54  2007/10/01   3048   283  279  314   220   25   22   18
백광열   01  1964/11/24  57  2004/03/02   7028   866  775  790   441   51   51   44
손병직   23  1973/11/14  48  2019/08/07    204    16   11   14    32    3    1    6
안우성   15  1974/01/18  48  2014/06/01   1956   244  239  225   304   27   38   27
양귀선   09  1961/11/10  60  2004/03/02   4894   326  361  428   362   35   21   40
울즐리   30  1962/12/24  59  2007/12/20   3642   623  470  384   343   34   38   34
유병복   05  1961/01/01  61  2004/03/02   4480   508  468  435    62    4    3    3
윤영훈   14  1965/03/03  57  2004/03/02   4580   297  367  374   204   13   16   17
이상영   27  1966/02/14  56  2007/10/01   3402   302  305  311   181   14   17   15
이정표   18  1965/03/02  57  2004/03/02   4342   188  270  320   237    7    8    6
임금만   04  1964/03/10  58  2004/03/02   4718   508  535  490   272   19   20   22
임동창   32  1960/05/05  62  2010/07/14   2168   101  116  158   190   14    9   12
장세한   17  1963/06/12  58  2004/03/02   4818   319  356  431   214   12   12   20
조용배   12  1967/03/16  55  2004/03/02   5000   224  305  378   261    7   15   17
최기홍   20  1964/11/09  57  2004/03/02   4438   388  393  387   135   13    5   10
토마스   08  1982/03/05  40  2015/06/01   1981   266  261  205   393   43   39   35
하무선   28  1968/06/15  53  2007/10/01   2320   127  144  188   101    4    6    9
