-------------------------------------------------------------------------------------
조교사명 조  생년월일   나이 데뷔일자    총출전  1위  2위  3위 1년출전 1위  2위  3위 
-------------------------------------------------------------------------------------
강성오   09  1966/08/20  56  2018/07/01    732    86   84   63   254   30   30   21
강환민   31  1970/05/26  52  2017/07/01   1071   128  125  120   273   21   31   35
곽영효   19  1961/09/24  61  1997/05/28   4859   506  481  424   241   28   31   22
구자흥   07  1963/08/07  59  2010/04/05   2073   157  210  204   133    7   11    9
김동균   52  1975/08/24  47  2012/07/01   2929   293  257  274   348   28   36   40
김동철   53  1974/11/28  48  2016/03/16   1594    91  135  133   255   14   18   17
김윤섭   32  1968/09/20  54  1998/07/02   5123   326  412  430   175    8    7    8
리카디   34  1968/03/02  54  2017/11/26    745    97  101   83   230   41   34   22
문병기   21  1968/08/07  54  2022/07/01     85    11    8    8    85   11    8    8
박병일   27  1964/04/26  58  2011/07/15   2034   176  201  189   218   17   24   26
박윤규   04  1966/09/26  56  2004/07/01   4267   336  375  392   244   23   26   21
박재우   50  1970/01/02  52  2011/01/26   3473   463  387  337   399   39   48   35
박종곤   01  1962/08/26  60  1997/09/04   4855   518  454  468   282   47   30   28
박천서   54  1963/06/08  59  2003/03/05   4542   431  422  432   201   16   11   19
박희철   15  1961/06/26  61  2002/07/01   5205   388  441  453   148    8    8   10
배대선   20  1960/04/02  62  1995/06/26   7931   872  842  828   200   19   21   19
배휴준   29  1966/09/25  56  2005/07/01   4659   320  382  395   210    6   16   10
서범석   12  1964/07/26  58  1999/07/01   5091   446  463  459   236   13   19   15
서인석   33  1968/11/20  54  2010/12/09   4875   448  481  472   461   45   39   51
서홍수   24  1964/01/04  58  2008/09/24   2539   235  229  244   296   39   26   38
손영표   02  1966/11/14  56  2006/07/27   3035   234  236  207   176    5   16    9
송문길   40  1971/03/22  51  2013/07/01   2482   355  293  261   323   41   32   39
신삼영   41  1963/11/06  59  2010/07/01   2332   217  204  206   171   17   11   11
심승태   37  1978/02/14  44  2012/05/04   2402   180  217  207   176   10   11   13
안병기   22  1966/01/20  56  2008/07/01   4223   427  386  390   376   30   33   26
안해양   26  1961/07/24  61  1999/08/26   4494   404  369  383   238   26   29   22
우창구   05  1963/04/28  59  2008/07/01   3308   333  288  287   187   18   19   21
유재길   23  1961/07/16  61  2000/04/07   5782   419  445  495   191   10   14   18
이관호   42  1966/08/21  56  2013/11/01   2624   276  229  283   437   32   28   58
이신영   14  1980/04/12  42  2011/07/01   2680   349  225  255   222   27   16   16
이준철   48  1980/02/23  42  2021/07/01    217    41   33   23   157   29   23   14
이희영   13  1960/08/16  62  1986/12/04   8502   679  744  765   162   21   17   23
임채덕   35  1970/07/09  52  2020/07/01    358     8   18   23   197    4   12   16
전승규   25  1963/10/04  59  2017/04/26    943   144  114  100   229   29   23   27
정호익   10  1965/03/08  57  2006/03/04   5260   538  555  541   374   36   43   40
조현수   11  1970/04/25  52  2018/07/01    961    39   63   76   235    9   16   15
최봉주   16  1962/11/19  60  2007/03/08   3035   224  233  242   221   17   20   17
최상식   28  1960/02/25  62  1993/07/13   6340   487  517  551   190   18   12   19
최영주   03  1966/09/03  56  1997/11/19   5015   370  386  367   160   15    9    9
최용건   51  1967/08/09  55  2020/07/01    510    51   37   43   271   30   22   21
최용구   08  1965/10/08  57  2012/07/01   1830   209  194  168   156   15   20   14
토니     30  1974/04/10  48  2019/09/01    487    42   51   53   201   17   18   19
홍대유   06  1963/01/15  59  2006/07/01   4174   360  359  362   379   36   34   27
