-------------------------------------------------------------------------------------
조교사명 조  생년월일   나이 데뷔일자    총출전  1위  2위  3위 1년출전 1위  2위  3위 
-------------------------------------------------------------------------------------
강성오   09  1966/08/20  56  2018/07/01    735    86   84   63   253   29   30   21
강환민   31  1970/05/26  52  2017/07/01   1077   128  125  121   278   21   30   36
곽영효   19  1961/09/24  61  1997/05/28   4863   506  481  425   241   28   31   23
구자흥   07  1963/08/07  59  2010/04/05   2079   157  211  205   137    7   12   10
김동균   52  1975/08/24  47  2012/07/01   2935   294  257  276   346   28   35   40
김동철   53  1974/11/28  48  2016/03/16   1600    91  135  134   256   14   18   18
김윤섭   32  1968/09/20  54  1998/07/02   5124   326  412  431   172    8    7    9
리카디   34  1968/03/02  54  2017/11/26    753   100  103   83   231   43   36   21
문병기   21  1968/08/07  54  2022/07/01     93    11    8    8    93   11    8    8
박병일   27  1964/04/26  58  2011/07/15   2038   176  202  189   218   17   24   26
박윤규   04  1966/09/26  56  2004/07/01   4272   336  375  392   245   23   26   20
박재우   50  1970/01/02  52  2011/01/26   3482   463  389  337   400   38   50   34
박종곤   01  1962/08/26  60  1997/09/04   4858   519  454  468   276   44   30   28
박천서   54  1963/06/08  59  2003/03/05   4549   431  422  432   202   16   11   19
박희철   15  1961/06/26  61  2002/07/01   5209   390  441  453   151   10    8   10
배대선   20  1960/04/02  62  1995/06/26   7939   872  842  828   205   19   21   19
배휴준   29  1966/09/25  56  2005/07/01   4666   320  383  397   213    6   17   11
서범석   12  1964/07/26  58  1999/07/01   5095   446  463  459   235   12   19   15
서인석   33  1968/11/20  54  2010/12/09   4885   451  481  474   459   46   36   53
서홍수   24  1964/01/04  58  2008/09/24   2548   236  230  244   301   40   26   37
손영표   02  1966/11/14  56  2006/07/27   3038   234  236  207   174    5   16    9
송문길   40  1971/03/22  51  2013/07/01   2489   355  293  261   320   38   32   37
신삼영   41  1963/11/06  59  2010/07/01   2337   218  204  207   172   18   11   12
심승태   37  1978/02/14  44  2012/05/04   2408   180  217  209   177    9   11   15
안병기   22  1966/01/20  56  2008/07/01   4228   427  386  391   373   30   32   27
안해양   26  1961/07/24  61  1999/08/26   4500   404  370  384   241   26   29   23
우창구   05  1963/04/28  59  2008/07/01   3314   333  288  287   188   18   19   20
유재길   23  1961/07/16  61  2000/04/07   5787   419  447  495   191   10   15   18
이관호   42  1966/08/21  56  2013/11/01   2630   276  230  284   434   32   29   57
이신영   14  1980/04/12  42  2011/07/01   2685   349  226  255   223   27   17   14
이준철   48  1980/02/23  42  2021/07/01    220    41   34   23   158   29   24   14
이희영   13  1960/08/16  62  1986/12/04   8506   679  744  765   163   20   16   23
임채덕   35  1970/07/09  52  2020/07/01    365     9   19   23   201    5   13   16
전승규   25  1963/10/04  59  2017/04/26    950   145  115  101   232   30   23   27
정호익   10  1965/03/08  57  2006/03/04   5270   539  555  541   376   37   43   39
조현수   11  1970/04/25  52  2018/07/01    965    39   63   76   235    9   16   15
최봉주   16  1962/11/19  60  2007/03/08   3040   225  235  242   223   18   21   17
최상식   28  1960/02/25  62  1993/07/13   6343   487  517  551   190   18   12   19
최영주   03  1966/09/03  56  1997/11/19   5019   371  387  367   160   15   10    8
최용건   51  1967/08/09  55  2020/07/01    520    53   38   43   277   31   23   21
최용구   08  1965/10/08  57  2012/07/01   1836   209  194  168   158   15   20   14
토니     30  1974/04/10  48  2019/09/01    494    43   51   54   204   18   17   20
홍대유   06  1963/01/15  59  2006/07/01   4183   361  360  364   381   37   33   28
