-------------------------------------------------------------------------------------
조교사명 조  생년월일   나이 데뷔일자    총출전  1위  2위  3위 1년출전 1위  2위  3위 
-------------------------------------------------------------------------------------
강은석   22  1971/11/10  50  2018/05/17    825    68   67   86   294   21   31   30
강형곤   02  1966/02/07  56  2004/03/02   5477   432  505  519   435   26   44   28
구민성   10  1978/08/11  43  2021/07/01    167    10   16   10   167   10   16   10
구영준   06  1972/06/08  49  2014/09/01   1834   105  136  172   243   13   19   22
권승주   33  1964/01/09  58  2012/03/03   3959   386  401  393   397   42   31   45
김길중   24  1963/03/28  59  2004/05/01   3826   244  306  319   255   17   17   15
김병학   07  1960/03/15  62  2004/03/02   3930   252  291  325   209   16   25   20
김영관   19  1960/06/13  61  2004/03/02   6129  1371  841  685   363   69   45   45
김영민   11  1980/03/08  42  2020/04/10    188    19   31   11    76    8   10    5
김재섭   16  1963/09/23  58  2004/03/02   5128   560  470  468   242   19   19   24
라이스   31  1976/09/15  45  2013/11/29   2038   270  211  214   329   47   33   33
민장기   21  1966/09/09  55  2004/05/01   5015   533  531  480   294   36   22   25
박재호   13  1978/09/20  43  2021/09/29     51     4    6    3    51    4    6    3
방동석   26  1967/12/09  54  2007/10/01   3037   283  279  312   221   26   23   16
백광열   01  1964/11/24  57  2004/03/02   7008   862  773  786   451   51   54   42
손병직   23  1973/11/14  48  2019/08/07    197    16   11   13    25    3    1    5
안우성   15  1974/01/18  48  2014/06/01   1944   242  238  225   315   26   39   31
양귀선   09  1961/11/10  60  2004/03/02   4876   325  359  426   367   36   20   39
울즐리   30  1962/12/24  59  2007/12/20   3623   617  469  383   335   29   38   35
유병복   05  1961/01/01  61  2004/03/02   4480   508  468  435    72    4    3    4
윤영훈   14  1965/03/03  57  2004/03/02   4569   297  364  374   205   13   13   18
이상영   27  1966/02/14  56  2007/10/01   3387   300  302  310   181   12   15   18
이정표   18  1965/03/02  57  2004/03/02   4324   188  270  319   238    7    8    5
임금만   04  1964/03/10  58  2004/03/02   4701   506  533  486   268   18   19   20
임동창   32  1960/05/05  62  2010/07/14   2158   101  116  156   197   15    9   10
장세한   17  1963/06/12  58  2004/03/02   4808   318  355  430   217   11   12   19
조용배   12  1967/03/16  55  2004/03/02   4980   224  303  378   259    9   14   18
최기홍   20  1964/11/09  57  2004/03/02   4433   387  393  386   134   13    6    9
토마스   08  1982/03/05  40  2015/06/01   1958   264  261  204   392   43   41   36
하무선   28  1968/06/15  53  2007/10/01   2306   126  142  187    90    3    4    8
