-------------------------------------------------------------------------------------
조교사명 조  생년월일   나이 데뷔일자    총출전  1위  2위  3위 1년출전 1위  2위  3위 
-------------------------------------------------------------------------------------
강성오   09  1966/08/20  56  2018/07/01    744    88   85   64   255   31   31   22
강환민   31  1970/05/26  52  2017/07/01   1082   128  125  122   276   20   29   36
곽영효   19  1961/09/24  61  1997/05/28   4872   509  483  426   245   31   33   24
구자흥   07  1963/08/07  59  2010/04/05   2083   157  212  205   140    6   13   10
김동균   52  1975/08/24  47  2012/07/01   2947   294  258  277   354   27   36   40
김동철   53  1974/11/28  48  2016/03/16   1605    91  135  135   256   14   18   19
김윤섭   32  1968/09/20  54  1998/07/02   5129   326  412  431   174    7    7    9
리카디   34  1968/03/02  54  2017/11/26    759   100  103   85   231   42   33   23
문병기   21  1968/08/07  54  2022/07/01     94    12    8    8    94   12    8    8
박병일   27  1964/04/26  58  2011/07/15   2045   176  203  189   221   17   25   26
박윤규   04  1966/09/26  56  2004/07/01   4280   337  376  394   250   24   27   22
박재우   50  1970/01/02  52  2011/01/26   3492   464  389  338   401   38   49   34
박종곤   01  1962/08/26  60  1997/09/04   4864   520  455  469   275   44   31   29
박천서   54  1963/06/08  59  2003/03/05   4555   432  422  432   202   16   10   17
박희철   15  1961/06/26  61  2002/07/01   5212   390  441  453   151   10    8   10
배대선   20  1960/04/02  62  1995/06/26   7940   872  842  828   198   17   21   17
배휴준   29  1966/09/25  56  2005/07/01   4672   320  383  397   213    5   17   11
서범석   12  1964/07/26  58  1999/07/01   5097   446  463  460   232   12   18   16
서인석   33  1968/11/20  54  2010/12/09   4892   451  482  475   457   45   37   54
서홍수   24  1964/01/04  58  2008/09/24   2557   237  232  244   303   41   28   36
손영표   02  1966/11/14  56  2006/07/27   3042   234  236  207   175    5   16    9
송문길   40  1971/03/22  51  2013/07/01   2498   356  294  262   320   39   31   36
신삼영   41  1963/11/06  59  2010/07/01   2343   218  206  207   173   17   13   12
심승태   37  1978/02/14  44  2012/05/04   2413   180  218  210   181    9   12   16
안병기   22  1966/01/20  56  2008/07/01   4234   427  386  391   370   30   32   27
안해양   26  1961/07/24  61  1999/08/26   4509   405  371  384   247   27   30   23
우창구   05  1963/04/28  59  2008/07/01   3321   335  288  287   192   20   18   20
유재길   23  1961/07/16  61  2000/04/07   5793   419  447  495   193   10   15   18
이관호   42  1966/08/21  56  2013/11/01   2636   276  230  284   432   31   29   54
이신영   14  1980/04/12  42  2011/07/01   2693   349  227  257   226   27   18   16
이준철   48  1980/02/23  42  2021/07/01    224    41   34   24   156   28   23   13
이희영   13  1960/08/16  62  1986/12/04   8512   680  744  765   167   20   16   22
임채덕   35  1970/07/09  52  2020/07/01    368     9   19   23   199    5   13   16
전승규   25  1963/10/04  59  2017/04/26    952   146  116  101   227   31   23   26
정호익   10  1965/03/08  57  2006/03/04   5279   540  556  542   381   38   43   39
조현수   11  1970/04/25  52  2018/07/01    969    39   63   76   238    9   16   15
최봉주   16  1962/11/19  60  2007/03/08   3045   225  236  242   221   18   22   17
최상식   28  1960/02/25  62  1993/07/13   6350   487  517  552   192   18   12   20
최영주   03  1966/09/03  56  1997/11/19   5024   372  387  367   164   16   10    8
최용건   51  1967/08/09  55  2020/07/01    525    53   39   43   276   30   23   21
최용구   08  1965/10/08  57  2012/07/01   1840   209  194  168   158   15   20   14
토니     30  1974/04/10  48  2019/09/01    496    43   51   54   202   18   16   19
홍대유   06  1963/01/15  59  2006/07/01   4188   363  360  365   377   38   31   29
