-------------------------------------------------------------------------------------
조교사명 조  생년월일   나이 데뷔일자    총출전  1위  2위  3위 1년출전 1위  2위  3위 
-------------------------------------------------------------------------------------
강성오   09  1966/08/20  56  2018/07/01    714    85   82   60   249   30   28   23
강환민   31  1970/05/26  52  2017/07/01   1053   127  121  118   270   22   29   33
곽영효   19  1961/09/24  61  1997/05/28   4843   504  477  424   235   26   29   23
구자흥   07  1963/08/07  59  2010/04/05   2065   157  209  204   133    7   10   10
김동균   52  1975/08/24  47  2012/07/01   2912   293  256  273   355   29   36   41
김동철   53  1974/11/28  47  2016/03/16   1578    89  133  133   252   13   17   17
김윤섭   32  1968/09/20  54  1998/07/02   5109   326  412  428   170    8    8    8
리카디   34  1968/03/02  54  2017/11/26    732    94  100   83   230   39   33   22
문병기   21  1968/08/07  54  2022/07/01     72     9    8    7    72    9    8    7
박병일   27  1964/04/26  58  2011/07/15   2020   173  200  189   223   18   25   27
박윤규   04  1966/09/26  56  2004/07/01   4247   333  371  391   238   22   25   22
박재우   50  1970/01/02  52  2011/01/26   3446   459  383  334   397   36   49   33
박종곤   01  1962/08/26  60  1997/09/04   4832   513  451  465   275   47   27   25
박천서   54  1963/06/08  59  2003/03/05   4531   431  422  431   200   18   13   20
박희철   15  1961/06/26  61  2002/07/01   5197   388  441  453   149   12    8   10
배대선   20  1960/04/02  62  1995/06/26   7913   872  841  827   191   20   21   19
배휴준   29  1966/09/25  56  2005/07/01   4645   320  379  395   206    6   14   10
서범석   12  1964/07/26  58  1999/07/01   5078   446  461  457   237   13   19   16
서인석   33  1968/11/20  54  2010/12/09   4848   445  480  472   466   47   40   53
서홍수   24  1964/01/04  58  2008/09/24   2523   234  229  241   296   41   30   38
손영표   02  1966/11/14  56  2006/07/27   3024   234  234  206   178    5   15    9
송문길   40  1971/03/22  51  2013/07/01   2464   352  291  259   322   39   34   38
신삼영   41  1963/11/06  59  2010/07/01   2320   216  203  206   172   17   11   13
심승태   37  1978/02/14  44  2012/05/04   2390   180  216  207   177   10   10   13
안병기   22  1966/01/20  56  2008/07/01   4199   424  386  384   380   29   35   23
안해양   26  1961/07/24  61  1999/08/26   4473   401  366  381   231   24   29   21
우창구   05  1963/04/28  59  2008/07/01   3297   331  284  287   191   17   16   22
유재길   23  1961/07/16  61  2000/04/07   5770   416  445  491   187    8   14   14
이관호   42  1966/08/21  56  2013/11/01   2592   273  227  277   432   35   29   55
이신영   14  1980/04/12  42  2011/07/01   2663   347  224  254   227   25   15   17
이준철   48  1980/02/23  42  2021/07/01    204    38   29   23   155   27   21   15
이희영   13  1960/08/16  62  1986/12/04   8492   679  743  759   168   22   17   19
임채덕   35  1970/07/09  52  2020/07/01    344     8   18   23   193    5   13   18
전승규   25  1963/10/04  59  2017/04/26    932   142  113   99   236   27   23   30
정호익   10  1965/03/08  57  2006/03/04   5246   537  554  538   386   38   44   38
조현수   11  1970/04/25  52  2018/07/01    950    39   62   76   242   10   16   17
최봉주   16  1962/11/19  60  2007/03/08   3020   221  231  241   218   16   18   16
최상식   28  1960/02/25  62  1993/07/13   6330   486  516  549   192   18   12   19
최영주   03  1966/09/03  56  1997/11/19   5001   370  386  365   152   15    9    7
최용건   51  1967/08/09  55  2020/07/01    496    50   35   42   276   30   21   20
최용구   08  1965/10/08  57  2012/07/01   1824   209  194  168   160   16   21   14
토니     30  1974/04/10  48  2019/09/01    473    42   50   52   196   17   18   18
홍대유   06  1963/01/15  59  2006/07/01   4148   358  359  361   372   35   35   27
