-------------------------------------------------------------------------------------
조교사명 조  생년월일   나이 데뷔일자    총출전  1위  2위  3위 1년출전 1위  2위  3위 
-------------------------------------------------------------------------------------
강성오   09  1966/08/20  55  2018/07/01    565    66   65   47   226   25   27   22
강환민   31  1970/05/26  51  2017/07/01    896   115  105   99   236   21   26   24
곽영효   19  1961/09/24  60  1997/05/28   4692   485  457  413   169   13   19   17
구자흥   07  1963/08/07  58  2010/04/05   1975   153  200  196   122   10    6    4
김동균   52  1975/08/24  46  2012/07/01   2719   278  237  255   345   41   32   42
김동철   53  1974/11/28  47  2016/03/16   1422    81  121  121   246   16   13   17
김윤섭   32  1968/09/20  53  1998/07/02   5005   323  406  423   152    9    6    9
김점오   17  1959/05/20  62  1987/07/10   8683   791  798  751    98    8    7    9
리카디   34  1968/03/02  54  2017/11/26    592    68   79   70   200   25   29   24
박대흥   18  1958/08/07  63  1997/05/28   7072  1010  804  677   313   38   29   24
박병일   27  1964/04/26  57  2011/07/15   1902   165  187  173   225   23   26   17
박윤규   04  1966/09/26  55  2004/07/01   4102   319  361  379   192   18   23   18
박재우   50  1970/01/02  52  2011/01/26   3223   434  356  315   400   38   50   38
박종곤   01  1962/08/26  59  1997/09/04   4675   489  429  449   264   48   25   28
박천서   54  1963/06/08  58  2003/03/05   4421   418  413  420   196   11   11   17
박희철   15  1961/06/26  60  2002/07/01   5102   382  433  444   134   10    5   10
배대선   20  1960/04/02  62  1995/06/26   7784   860  824  816   208   19   13   22
배휴준   29  1966/09/25  55  2005/07/01   4529   317  371  388   208    7   15   11
서범석   12  1964/07/26  57  1999/07/01   4952   438  452  448   250   12   23   17
서인석   33  1968/11/20  53  2010/12/09   4581   415  456  438   471   44   42   43
서정하   43  1958/12/22  63  2004/09/01   2841   162  218  218    87    0    2    6
서홍수   24  1964/01/04  58  2008/09/24   2337   204  209  222   274   30   28   36
손영표   02  1966/11/14  55  2006/07/27   2929   230  225  199   181    7   13    7
송문길   40  1971/03/22  51  2013/07/01   2287   328  271  239   348   36   39   34
신삼영   41  1963/11/06  58  2010/07/01   2227   205  197  200   183   10   18   15
심승태   37  1978/02/14  44  2012/05/04   2274   173  208  197   130    6    3    6
안병기   22  1966/01/20  56  2008/07/01   3988   411  365  374   393   29   29   33
안해양   26  1961/07/24  60  1999/08/26   4328   384  346  365   222   15   23   18
우창구   05  1963/04/28  58  2008/07/01   3188   323  274  275   214   32   18   20
유재길   23  1961/07/16  60  2000/04/07   5659   411  436  483   178    7    9   11
이관호   42  1966/08/21  55  2013/11/01   2344   252  209  246   412   37   29   46
이신영   14  1980/04/12  42  2011/07/01   2547   334  217  245   251   21   16   22
이준철   48  1980/02/23  42  2021/07/01    114    20   14   16   114   20   14   16
이희영   13  1960/08/16  61  1986/12/04   8397   665  732  750   159   11   15   16
임봉춘   21  1959/04/14  63  2002/08/22   5236   419  451  518   346   26   39   29
임채덕   35  1970/07/09  51  2020/07/01    222     5   10   13   150    5   10   11
전승규   25  1963/10/04  58  2017/04/26    802   127  104   82   217   28   25   21
정호익   10  1965/03/08  57  2006/03/04   5022   519  530  511   355   37   36   30
조현수   11  1970/04/25  51  2018/07/01    809    31   54   68   246    6   14   18
지용철   49  1959/06/27  62  1986/11/20  12430   930 1077 1117   373   23   22   25
최봉주   16  1962/11/19  59  2007/03/08   2885   211  217  229   257   12   13   13
최상식   28  1960/02/25  62  1993/07/13   6224   472  510  537   191   10   16   18
최영주   03  1966/09/03  55  1997/11/19   4908   361  378  360   128    7    5   10
최용건   51  1967/08/09  54  2020/07/01    329    33   22   24   245   25   12   16
최용구   08  1965/10/08  56  2012/07/01   1741   202  178  158   179   16   13   15
토니     30  1974/04/10  48  2019/09/01    361    27   39   37   188   12   19   17
홍대유   06  1963/01/15  59  2006/07/01   3933   336  343  339   356   35   40   24
