-------------------------------------------------------------------------------------------------
기수명   조  생년월일   나이 데뷔일자   중량 타조중량 총출전 1위  2위  3위 1년출전 1위  2위  3위 
-------------------------------------------------------------------------------------------------
권오찬   프  1999/11/07  23  2021/07/15  48   48        200    4   14   10  154     4   12   10
김도현   99  1982/01/24  40  2003/07/02  53   53       2244  128  136  148    2     0    0    0
김동영   99  1980/04/06  42  2005/05/04  53   53       4400  412  433  442   85     2    6    6
김명신   99  1981/04/01  41  2005/05/04  52   52       2300   89  157  162    2     0    0    1
김어수   프  1983/07/06  39  2005/05/04  52   52       4102  243  306  344  270    11   13   14
김철호   프  1987/07/20  35  2008/06/18  52   52       2640  217  219  240  164     8    8   14
김태경   99  1966/03/22  56  1990/06/01  51   51       5344  343  409  442    7     0    0    1
김태현   99  1997/01/23  25  2020/07/15  51   51        514   25   29   32  163     9    9   13
김혜선   프  1988/08/31  34  2009/06/01  51   51       4275  350  374  363  415    46   57   44
다실바   프  1978/12/15  44  2016/09/02  53   53       2255  309  300  261  375    61   45   42
모준호   프  1991/12/31  30  2020/07/15  51   51        755   45   54   64  340    17   17   26
박재이   프  1996/02/14  26  2015/06/17  52   52       2239  167  223  227  390    62   52   50
박종호   프  1994/03/09  28  2020/07/15  51   51        282    8    7   14   74     1    2    5
서강주   프  1998/04/11  24  2021/07/15  50   50        385   28   44   46  342    28   41   40
서승운   프  1989/08/30  33  2011/08/24  52   52       3973  620  540  491  368    61   55   46
송경윤   프  1981/03/05  41  2007/05/18  53   53       4765  361  450  461  391    39   34   40
신윤섭   프  1995/01/28  27  2021/07/15  52   52        407   24   26   38  313    16   22   28
유광희   99  1988/09/25  34  2011/08/24  51   51       1568   52  100  118   13     0    1    2
유현명   프  1979/05/20  43  2002/09/13  51   51       7104 1199  940  750  387    73   49   42
윤형석   프  1998/12/16  24  2021/07/15  50   50        317   14   24   24  268    13   19   23
이성재   프  1982/10/18  40  2008/05/14  52   52       4244  327  333  398  396    34   23   35
이아나   99  1989/01/01  33  2011/08/24  50   50       1213   53   53   67    0     0    0    0
이홍락   프  1997/12/17  25  2022/07/01  50   50         91    6    9    8   91     6    9    8
이효식   99  1996/06/04  26  2016/06/18  51   51       1798  246  185  153    0     0    0    0
임성실   프  1981/02/15  41  2002/09/13  56   56       2648  353  296  279   94     5    8   14
전진구   프  1996/03/23  26  2017/06/02  50   50        914   47   64   52  183     2   12    7
정도윤   프  1995/11/20  27  2016/06/18  48   48       1921  162  157  194  260    29   28   25
정동철   프  1990/07/17  32  2011/08/24  48   48       2724  169  183  195  141     6    3    4
정우주   프  1993/01/23  29  2018/06/14  48   48        987   48   50   68  143     2    6    8
조인권   프  1987/01/18  35  2008/06/18  52   52       4592  649  533  491  355    37   53   40
조창욱   99  1980/02/10  42  2005/05/04  53   53       4104  371  351  360    2     0    1    0
진겸     99  1994/07/04  28  2015/06/17  52   52       1938  162  194  199   64     4    5    7
채상현   프  1993/11/21  29  2014/06/05  52   52       1789  130  153  162  262    16   19   22
최시대   프  1980/09/12  42  2007/05/18  51   51       5649  750  658  594  409    58   34   34
최은경   프  1997/02/24  25  2016/06/18  51   51       1522   90  120  140  317    19   22   38
