-------------------------------------------------------------------------------------
조교사명 조  생년월일   나이 데뷔일자    총출전  1위  2위  3위 1년출전 1위  2위  3위 
-------------------------------------------------------------------------------------
강성오   09  1966/08/20  55  2018/07/01    642    76   74   57   229   26   25   26
강환민   31  1970/05/26  52  2017/07/01    970   122  112  108   238   22   24   26
곽영효   19  1961/09/24  60  1997/05/28   4769   493  468  419   197   18   27   21
구자흥   07  1963/08/07  59  2010/04/05   2027   155  203  201   130    7    7    8
김동균   52  1975/08/24  46  2012/07/01   2824   288  250  266   359   39   37   40
김동철   53  1974/11/28  47  2016/03/16   1501    85  130  123   241   14   18   11
김윤섭   32  1968/09/20  53  1998/07/02   5062   325  410  426   157    9    9    9
리카디   34  1968/03/02  54  2017/11/26    669    85   95   74   220   35   36   23
문병기   21  1968/08/07  54  2022/07/01     19     2    3    0    19    2    3    0
박병일   27  1964/04/26  58  2011/07/15   1966   171  193  182   227   21   23   22
박윤규   04  1966/09/26  55  2004/07/01   4165   326  367  380   201   18   26   17
박재우   50  1970/01/02  52  2011/01/26   3342   446  367  327   394   37   46   36
박종곤   01  1962/08/26  59  1997/09/04   4755   503  443  456   269   47   27   26
박천서   54  1963/06/08  59  2003/03/05   4482   427  417  426   203   16   13   21
박희철   15  1961/06/26  61  2002/07/01   5148   385  437  449   138   11    7    7
배대선   20  1960/04/02  62  1995/06/26   7843   866  831  820   180   19   15   16
배휴준   29  1966/09/25  55  2005/07/01   4589   319  375  392   194    8   12    9
서범석   12  1964/07/26  58  1999/07/01   5019   444  457  452   235   13   20   14
서인석   33  1968/11/20  53  2010/12/09   4724   431  468  452   470   44   38   46
서홍수   24  1964/01/04  58  2008/09/24   2425   216  219  237   270   35   29   42
손영표   02  1966/11/14  55  2006/07/27   2982   233  229  203   185    8   14    7
송문길   40  1971/03/22  51  2013/07/01   2383   349  279  249   326   45   31   36
신삼영   41  1963/11/06  58  2010/07/01   2280   209  200  204   179   11   12   17
심승태   37  1978/02/14  44  2012/05/04   2334   177  213  203   153   10    7   10
안병기   22  1966/01/20  56  2008/07/01   4102   417  378  382   390   30   31   31
안해양   26  1961/07/24  61  1999/08/26   4399   391  356  371   219   19   29   20
우창구   05  1963/04/28  59  2008/07/01   3244   324  282  282   200   21   18   23
유재길   23  1961/07/16  61  2000/04/07   5718   414  443  487   181    8   13   12
이관호   42  1966/08/21  55  2013/11/01   2481   267  225  267   423   35   36   56
이신영   14  1980/04/12  42  2011/07/01   2611   342  218  252   236   24   13   21
이준철   48  1980/02/23  42  2021/07/01    162    27   24   22   152   25   23   20
이희영   13  1960/08/16  61  1986/12/04   8449   671  741  755   164   16   20   19
임채덕   35  1970/07/09  52  2020/07/01    280     7   12   17   171    7    9   14
전승규   25  1963/10/04  58  2017/04/26    868   133  108   91   225   23   24   25
정호익   10  1965/03/08  57  2006/03/04   5142   527  542  527   366   33   38   33
조현수   11  1970/04/25  52  2018/07/01    893    38   59   74   243   10   15   19
최봉주   16  1962/11/19  59  2007/03/08   2954   215  222  237   220   13   14   14
최상식   28  1960/02/25  62  1993/07/13   6282   479  513  543   190   14   13   20
최영주   03  1966/09/03  55  1997/11/19   4954   366  381  363   133   12    4    9
최용건   51  1967/08/09  55  2020/07/01    405    43   27   33   244   30   14   15
최용구   08  1965/10/08  56  2012/07/01   1785   205  186  164   168   15   17   17
토니     30  1974/04/10  48  2019/09/01    420    33   45   44   193   12   19   14
홍대유   06  1963/01/15  59  2006/07/01   4038   349  349  351   350   38   37   24
