-------------------------------------------------------------------------------------
조교사명 조  생년월일   나이 데뷔일자    총출전  1위  2위  3위 1년출전 1위  2위  3위 
-------------------------------------------------------------------------------------
강은석   22  1971/11/10  50  2018/05/17    737    62   57   75   287   20   25   23
강형곤   02  1966/02/07  55  2004/03/02   5325   421  490  509   394   27   39   28
구민성   10  1978/08/11  43  2021/07/01     84     5    5    5    84    5    5    5
구영준   06  1972/06/08  49  2014/09/01   1769   102  128  165   240   12   13   20
권승주   33  1964/01/09  58  2012/03/03   3818   371  386  377   348   39   27   34
김길중   24  1963/03/28  58  2004/05/01   3735   235  297  314   250   14   10   14
김병학   07  1960/03/15  61  2004/03/02   3859   247  281  318   197   15   19   16
김영관   19  1960/06/13  61  2004/03/02   6018  1350  824  670   340   63   32   40
김영민   11  1980/03/08  41  2020/04/10    125    13   23    6    23    3    3    0
김재섭   16  1963/09/23  58  2004/03/02   5067   555  469  462   245   17   23   24
라이스   31  1976/09/15  45  2013/11/29   1932   262  198  202   299   46   29   28
민장기   21  1966/09/09  55  2004/05/01   4922   520  526  473   296   36   32   27
박재호   13  1978/09/20  43  2021/09/29     12     0    2    1    12    0    2    1
방동석   26  1967/12/09  54  2007/10/01   2966   275  270  304   216   26   20   12
백광열   01  1964/11/24  57  2004/03/02   6857   849  755  776   420   54   45   49
손병직   23  1973/11/14  48  2019/08/07    173    13   10    8    10    2    0    0
안우성   15  1974/01/18  47  2014/06/01   1836   228  222  210   287   22   31   23
양귀선   09  1961/11/10  60  2004/03/02   4757   310  352  414   345   29   27   37
울즐리   30  1962/12/24  59  2007/12/20   3514   609  463  372   300   31   43   33
유병복   05  1961/01/01  61  2004/03/02   4480   508  468  435   129    5    5    9
윤영훈   14  1965/03/03  56  2004/03/02   4493   292  360  369   188   12   13   13
이상영   27  1966/02/14  55  2007/10/01   3329   295  297  306   185    7   12   15
이정표   18  1965/03/02  56  2004/03/02   4240   184  268  316   212    3    7    2
임금만   04  1964/03/10  57  2004/03/02   4631   501  530  481   278   19   25   25
임동창   32  1960/05/05  61  2010/07/14   2102    95  113  154   190   11   10   11
장세한   17  1963/06/12  58  2004/03/02   4734   310  352  422   213    4   10   16
조용배   12  1967/03/16  54  2004/03/02   4898   221  299  369   250    6   12   12
최기홍   20  1964/11/09  57  2004/03/02   4387   383  392  383   129   11    8    9
토마스   08  1982/03/05  39  2015/06/01   1838   253  251  196   359   39   40   37
하무선   28  1968/06/15  53  2007/10/01   2258   125  140  183    63    2    3    4
