-------------------------------------------------------------------------------------
조교사명 조  생년월일   나이 데뷔일자    총출전  1위  2위  3위 1년출전 1위  2위  3위 
-------------------------------------------------------------------------------------
강은석   22  1971/11/10  50  2018/05/17    757    63   58   79   287   18   25   25
강형곤   02  1966/02/07  56  2004/03/02   5365   422  492  511   407   24   40   26
구민성   10  1978/08/11  43  2021/07/01    105     6    6    5   105    6    6    5
구영준   06  1972/06/08  49  2014/09/01   1789   103  131  168   246   12   16   21
권승주   33  1964/01/09  58  2012/03/03   3855   374  394  380   366   40   30   35
김길중   24  1963/03/28  58  2004/05/01   3758   238  298  315   252   14   11   14
김병학   07  1960/03/15  61  2004/03/02   3876   249  282  322   197   15   20   18
김영관   19  1960/06/13  61  2004/03/02   6050  1356  831  673   352   66   36   42
김영민   11  1980/03/08  41  2020/04/10    144    15   24    6    32    4    3    0
김재섭   16  1963/09/23  58  2004/03/02   5089   557  470  463   252   18   24   24
라이스   31  1976/09/15  45  2013/11/29   1954   265  202  204   308   48   29   30
민장기   21  1966/09/09  55  2004/05/01   4951   524  527  476   295   37   28   27
박재호   13  1978/09/20  43  2021/09/29     20     0    2    2    20    0    2    2
방동석   26  1967/12/09  54  2007/10/01   2990   280  270  307   219   28   18   14
백광열   01  1964/11/24  57  2004/03/02   6895   850  763  780   434   55   49   48
손병직   23  1973/11/14  48  2019/08/07    178    14   10    9     6    1    0    1
안우성   15  1974/01/18  48  2014/06/01   1866   229  228  214   301   21   36   26
양귀선   09  1961/11/10  60  2004/03/02   4787   314  353  417   356   32   27   39
울즐리   30  1962/12/24  59  2007/12/20   3543   611  463  374   312   30   40   33
유병복   05  1961/01/01  61  2004/03/02   4480   508  468  435   115    5    4    9
윤영훈   14  1965/03/03  56  2004/03/02   4514   294  360  371   192   13   13   15
이상영   27  1966/02/14  55  2007/10/01   3346   297  299  306   190    9   13   15
이정표   18  1965/03/02  56  2004/03/02   4261   185  268  317   228    4    7    3
임금만   04  1964/03/10  57  2004/03/02   4655   504  532  482   280   21   25   23
임동창   32  1960/05/05  61  2010/07/14   2122    96  113  154   201   12    9   10
장세한   17  1963/06/12  58  2004/03/02   4756   312  354  426   219    5   12   19
조용배   12  1967/03/16  54  2004/03/02   4919   221  301  370   259    6   14   13
최기홍   20  1964/11/09  57  2004/03/02   4401   383  392  383   132   10    8    8
토마스   08  1982/03/05  39  2015/06/01   1868   254  253  199   368   40   39   37
하무선   28  1968/06/15  53  2007/10/01   2269   126  140  183    71    3    3    4
