-------------------------------------------------------------------------------------
조교사명 조  생년월일   나이 데뷔일자    총출전  1위  2위  3위 1년출전 1위  2위  3위 
-------------------------------------------------------------------------------------
강은석   22  1971/11/10  50  2018/05/17    818    68   66   86   301   21   32   30
강형곤   02  1966/02/07  56  2004/03/02   5453   428  504  518   428   25   44   29
구민성   10  1978/08/11  43  2021/07/01    156     9   15   10   156    9   15   10
구영준   06  1972/06/08  49  2014/09/01   1827   105  135  172   244   14   19   22
권승주   33  1964/01/09  58  2012/03/03   3942   384  399  392   397   42   30   45
김길중   24  1963/03/28  59  2004/05/01   3813   241  306  319   254   14   17   16
김병학   07  1960/03/15  62  2004/03/02   3923   252  289  325   208   16   23   20
김영관   19  1960/06/13  61  2004/03/02   6115  1369  841  681   359   69   45   41
김영민   11  1980/03/08  42  2020/04/10    182    18   30   10    70    7    9    4
김재섭   16  1963/09/23  58  2004/03/02   5122   560  470  467   247   20   20   24
라이스   31  1976/09/15  45  2013/11/29   2022   267  208  212   326   46   31   33
민장기   21  1966/09/09  55  2004/05/01   5005   533  531  479   295   36   24   25
박재호   13  1978/09/20  43  2021/09/29     46     4    4    3    46    4    4    3
방동석   26  1967/12/09  54  2007/10/01   3029   282  278  312   224   26   22   16
백광열   01  1964/11/24  57  2004/03/02   6993   862  771  786   454   57   53   45
손병직   23  1973/11/14  48  2019/08/07    194    16   11   12    22    3    1    4
안우성   15  1974/01/18  48  2014/06/01   1934   240  236  223   315   26   38   30
양귀선   09  1961/11/10  60  2004/03/02   4861   322  358  424   370   35   21   41
울즐리   30  1962/12/24  59  2007/12/20   3608   616  468  380   334   29   40   33
유병복   05  1961/01/01  61  2004/03/02   4480   508  468  435    82    4    4    4
윤영훈   14  1965/03/03  57  2004/03/02   4558   295  364  373   199   11   13   17
이상영   27  1966/02/14  56  2007/10/01   3380   300  302  308   182   12   15   17
이정표   18  1965/03/02  57  2004/03/02   4314   188  270  319   239    7    8    5
임금만   04  1964/03/10  58  2004/03/02   4694   506  533  486   272   19   20   22
임동창   32  1960/05/05  61  2010/07/14   2152   100  116  156   195   14    9   10
장세한   17  1963/06/12  58  2004/03/02   4798   317  354  429   218   10   11   19
조용배   12  1967/03/16  55  2004/03/02   4972   224  303  378   261    9   15   18
최기홍   20  1964/11/09  57  2004/03/02   4429   386  393  384   136   12    7    8
토마스   08  1982/03/05  40  2015/06/01   1942   263  257  204   390   42   38   38
하무선   28  1968/06/15  53  2007/10/01   2300   126  141  185    85    3    3    6
