-------------------------------------------------------------------------------------
조교사명 조  생년월일   나이 데뷔일자    총출전  1위  2위  3위 1년출전 1위  2위  3위 
-------------------------------------------------------------------------------------
강성오   09  1966/08/20  55  2018/07/01    530    61   60   46   220   22   25   23
강환민   31  1970/05/26  51  2017/07/01    857   110  101   93   229   21   27   22
곽영효   19  1961/09/24  60  1997/05/28   4666   480  455  407   162   10   18   11
구자흥   07  1963/08/07  58  2010/04/05   1963   152  200  195   135   10    6    4
김동균   52  1975/08/24  46  2012/07/01   2666   273  234  249   334   42   39   39
김동철   53  1974/11/28  47  2016/03/16   1391    80  119  118   248   16   14   15
김윤섭   32  1968/09/20  53  1998/07/02   4983   322  406  422   151    8    7   10
김점오   17  1959/05/20  62  1987/07/10   8676   790  797  751   110    7    6    9
리카디   34  1968/03/02  53  2017/11/26    564    62   74   67   194   21   26   25
박대흥   18  1958/08/07  63  1997/05/28   7029  1005  801  670   316   36   28   20
박병일   27  1964/04/26  57  2011/07/15   1866   163  183  167   215   24   23   14
박윤규   04  1966/09/26  55  2004/07/01   4076   317  354  377   195   20   18   17
박재우   50  1970/01/02  52  2011/01/26   3169   430  345  309   400   46   47   36
박종곤   01  1962/08/26  59  1997/09/04   4637   484  429  445   258   50   28   30
박천서   54  1963/06/08  58  2003/03/05   4396   418  412  417   205   12   10   15
박희철   15  1961/06/26  60  2002/07/01   5083   381  433  443   131    9    5    9
배대선   20  1960/04/02  61  1995/06/26   7765   858  822  813   225   17   11   20
배휴준   29  1966/09/25  55  2005/07/01   4501   315  370  386   211    6   15    9
서범석   12  1964/07/26  57  1999/07/01   4914   437  450  446   244   11   23   17
서인석   33  1968/11/20  53  2010/12/09   4518   413  454  429   469   47   46   36
서정하   43  1958/12/22  63  2004/09/01   2831   162  218  218    90    1    3    7
서홍수   24  1964/01/04  58  2008/09/24   2298   202  206  215   264   31   26   33
손영표   02  1966/11/14  55  2006/07/27   2902   230  220  199   180    8    9   10
송문길   40  1971/03/22  50  2013/07/01   2241   323  268  233   358   43   41   33
신삼영   41  1963/11/06  58  2010/07/01   2204   203  195  200   183    8   16   17
심승태   37  1978/02/14  44  2012/05/04   2255   172  207  195   127    5    2    5
안병기   22  1966/01/20  56  2008/07/01   3936   403  359  371   389   27   25   33
안해양   26  1961/07/24  60  1999/08/26   4301   383  344  363   227   15   22   18
우창구   05  1963/04/28  58  2008/07/01   3163   320  274  273   217   31   19   24
유재길   23  1961/07/16  60  2000/04/07   5639   410  433  482   180    6    8   12
이관호   42  1966/08/21  55  2013/11/01   2278   247  203  237   396   35   28   37
이신영   14  1980/04/12  41  2011/07/01   2510   328  213  243   246   19   14   21
이준철   48  1980/02/23  42  2021/07/01     93    17   12   12    93   17   12   12
이희영   13  1960/08/16  61  1986/12/04   8378   663  731  746   165   10   17   14
임봉춘   21  1959/04/14  62  2002/08/22   5187   418  443  516   343   26   38   29
임채덕   35  1970/07/09  51  2020/07/01    200     4    8   12   140    4    8   10
전승규   25  1963/10/04  58  2017/04/26    767   122  100   77   212   26   24   19
정호익   10  1965/03/08  56  2006/03/04   4966   512  520  506   346   34   34   29
조현수   11  1970/04/25  51  2018/07/01    773    31   52   65   244    7   12   18
지용철   49  1959/06/27  62  1986/11/20  12377   924 1074 1113   367   19   22   26
최봉주   16  1962/11/19  59  2007/03/08   2861   208  217  228   271    9   15   19
최상식   28  1960/02/25  62  1993/07/13   6196   470  506  534   188   11   14   18
최영주   03  1966/09/03  55  1997/11/19   4887   361  377  360   132    8    4   11
최용건   51  1967/08/09  54  2020/07/01    294    27   18   24   232   22   10   18
최용구   08  1965/10/08  56  2012/07/01   1716   196  178  157   175   11   13   16
토니     30  1974/04/10  47  2019/09/01    331    25   36   35   176   10   17   16
홍대유   06  1963/01/15  59  2006/07/01   3878   330  335  338   355   30   38   25
