-------------------------------------------------------------------------------------
조교사명 조  생년월일   나이 데뷔일자    총출전  1위  2위  3위 1년출전 1위  2위  3위 
-------------------------------------------------------------------------------------
강성오   09  1966/08/20  55  2018/07/01    514    59   58   44   215   20   25   21
강환민   31  1970/05/26  51  2017/07/01    834   109   99   90   217   22   25   21
곽영효   19  1961/09/24  60  1997/05/28   4650   479  452  404   155    9   16   10
구자흥   07  1963/08/07  58  2010/04/05   1956   152  199  195   136   11    5    4
김동균   52  1975/08/24  46  2012/07/01   2639   270  232  243   318   42   38   33
김동철   53  1974/11/28  47  2016/03/16   1379    79  119  118   240   15   15   15
김윤섭   32  1968/09/20  53  1998/07/02   4973   320  406  422   144    6    7   10
김점오   17  1959/05/20  62  1987/07/10   8670   790  796  751   110    9    5   10
리카디   34  1968/03/02  53  2017/11/26    547    60   73   64   182   19   25   23
박대흥   18  1958/08/07  63  1997/05/28   7007  1003  798  670   311   36   28   20
박병일   27  1964/04/26  57  2011/07/15   1849   161  180  166   203   22   20   13
박윤규   04  1966/09/26  55  2004/07/01   4060   316  353  376   186   19   17   17
박재우   50  1970/01/02  52  2011/01/26   3137   427  342  306   384   43   47   34
박종곤   01  1962/08/26  59  1997/09/04   4621   482  427  445   254   50   28   31
박천서   54  1963/06/08  58  2003/03/05   4381   417  412  416   194   11   10   15
박희철   15  1961/06/26  60  2002/07/01   5074   381  433  443   129    9    5    9
배대선   20  1960/04/02  61  1995/06/26   7752   857  821  812   225   16   11   21
배휴준   29  1966/09/25  55  2005/07/01   4484   315  368  386   202    6   13   10
서범석   12  1964/07/26  57  1999/07/01   4894   436  450  445   234   13   24   16
서인석   33  1968/11/20  53  2010/12/09   4489   411  451  425   463   46   46   35
서정하   43  1958/12/22  63  2004/09/01   2827   162  218  218    90    1    3    7
서홍수   24  1964/01/04  58  2008/09/24   2282   200  205  212   252   29   27   30
손영표   02  1966/11/14  55  2006/07/27   2890   230  220  199   175    9   10   10
송문길   40  1971/03/22  50  2013/07/01   2222   322  266  231   350   45   40   32
신삼영   41  1963/11/06  58  2010/07/01   2193   203  195  199   183    8   16   16
심승태   37  1978/02/14  43  2012/05/04   2246   172  206  194   123    5    1    4
안병기   22  1966/01/20  56  2008/07/01   3910   401  357  369   375   26   24   32
안해양   26  1961/07/24  60  1999/08/26   4287   381  343  363   217   13   21   20
우창구   05  1963/04/28  58  2008/07/01   3150   319  273  272   209   30   18   24
유재길   23  1961/07/16  60  2000/04/07   5623   410  433  480   169    6    8   11
이관호   42  1966/08/21  55  2013/11/01   2250   247  203  234   384   36   28   36
이신영   14  1980/04/12  41  2011/07/01   2495   324  211  242   242   15   13   21
이준철   48  1980/02/23  41  2021/07/01     84    14   12   12    84   14   12   12
이희영   13  1960/08/16  61  1986/12/04   8366   662  730  745   156   10   16   13
임봉춘   21  1959/04/14  62  2002/08/22   5166   415  440  514   335   23   35   28
임채덕   35  1970/07/09  51  2020/07/01    186     4    8    8   130    4    8    6
전승규   25  1963/10/04  58  2017/04/26    751   119   96   77   203   24   21   20
정호익   10  1965/03/05  56  2006/03/04   4937   508  518  504   328   32   32   27
조현수   11  1970/04/25  51  2018/07/01    758    31   50   65   242    7   10   20
지용철   49  1959/06/27  62  1986/11/20  12354   921 1073 1113   353   16   23   26
최봉주   16  1962/11/19  59  2007/03/08   2843   207  215  227   264    8   13   18
최상식   28  1960/02/25  61  1993/07/13   6182   470  506  533   181   11   15   17
최영주   03  1966/09/03  55  1997/11/19   4876   361  377  359   126    8    4   10
최용건   51  1967/08/09  54  2020/07/01    279    26   17   23   222   21    9   17
최용구   08  1965/10/08  56  2012/07/01   1702   195  177  156   171   12   13   15
토니     30  1974/04/10  47  2019/09/01    314    25   35   35   169   11   16   17
홍대유   06  1963/01/15  59  2006/07/01   3853   329  333  337   341   30   37   24
