-------------------------------------------------------------------------------------
조교사명 조  생년월일   나이 데뷔일자    총출전  1위  2위  3위 1년출전 1위  2위  3위 
-------------------------------------------------------------------------------------
강성오   09  1966/08/20  55  2018/07/01    618    75   71   53   231   28   24   25
강환민   31  1970/05/26  52  2017/07/01    947   122  108  107   238   24   23   30
곽영효   19  1961/09/24  60  1997/05/28   4741   490  464  416   185   15   25   20
구자흥   07  1963/08/07  58  2010/04/05   2010   153  202  200   124    7    6    8
김동균   52  1975/08/24  46  2012/07/01   2790   286  248  264   357   41   37   40
김동철   53  1974/11/28  47  2016/03/16   1475    83  126  123   241   15   17   14
김윤섭   32  1968/09/20  53  1998/07/02   5036   323  407  426   149    8    6   10
리카디   34  1968/03/02  54  2017/11/26    648    80   91   72   217   31   35   22
문병기   21  1968/08/07  53  2022/07/01      0     0    0    0     0    0    0    0
박병일   27  1964/04/26  58  2011/07/15   1948   169  193  181   221   22   25   22
박윤규   04  1966/09/26  55  2004/07/01   4137   324  365  379   190   20   24   16
박재우   50  1970/01/02  52  2011/01/26   3295   441  363  324   385   36   47   37
박종곤   01  1962/08/26  59  1997/09/04   4726   496  438  452   265   43   26   26
박천서   54  1963/06/08  59  2003/03/05   4462   423  415  425   200   14   12   20
박희철   15  1961/06/26  61  2002/07/01   5129   384  437  446   130   11    7    5
배대선   20  1960/04/02  62  1995/06/26   7825   863  827  818   191   18   14   17
배휴준   29  1966/09/25  55  2005/07/01   4568   317  374  389   192    6   12    8
서범석   12  1964/07/26  57  1999/07/01   4993   441  456  451   230   12   20   16
서인석   33  1968/11/20  53  2010/12/09   4675   425  462  445   472   47   39   43
서홍수   24  1964/01/04  58  2008/09/24   2386   210  215  229   265   32   29   40
손영표   02  1966/11/14  55  2006/07/27   2964   233  229  200   183    8   16    4
송문길   40  1971/03/22  51  2013/07/01   2354   343  277  245   333   42   35   35
신삼영   41  1963/11/06  58  2010/07/01   2265   208  199  203   181   10   13   17
심승태   37  1978/02/14  44  2012/05/04   2306   175  210  200   132    8    5    7
안병기   22  1966/01/20  56  2008/07/01   4063   416  372  377   394   33   28   32
안해양   26  1961/07/24  60  1999/08/26   4369   388  354  369   214   17   28   20
우창구   05  1963/04/28  59  2008/07/01   3226   324  280  279   203   24   19   20
유재길   23  1961/07/16  60  2000/04/07   5695   413  441  486   171    7   11   12
이관호   42  1966/08/21  55  2013/11/01   2437   264  217  261   419   37   35   53
이신영   14  1980/04/12  42  2011/07/01   2592   339  218  251   242   23   15   22
이준철   48  1980/02/23  42  2021/07/01    148    24   21   20   148   24   21   20
이희영   13  1960/08/16  61  1986/12/04   8431   669  736  752   160   15   17   16
임채덕   35  1970/07/09  51  2020/07/01    259     7   10   15   163    7    8   12
전승규   25  1963/10/04  58  2017/04/26    849   132  107   88   227   25   24   24
정호익   10  1965/03/08  57  2006/03/04   5107   524  536  519   363   36   35   27
조현수   11  1970/04/25  52  2018/07/01    863    37   57   72   235    9   13   20
최봉주   16  1962/11/19  59  2007/03/08   2938   215  220  233   229   13   14   13
최상식   28  1960/02/25  62  1993/07/13   6265   476  512  541   189   11   13   18
최영주   03  1966/09/03  55  1997/11/19   4942   365  379  363   128   11    2   10
최용건   51  1967/08/09  54  2020/07/01    376    36   25   30   244   25   14   18
최용구   08  1965/10/08  56  2012/07/01   1770   204  183  161   170   15   16   14
토니     30  1974/04/10  48  2019/09/01    405    29   44   43   194   12   18   15
홍대유   06  1963/01/15  59  2006/07/01   4005   343  349  349   353   35   41   28
