-------------------------------------------------------------------------------------
조교사명 조  생년월일   나이 데뷔일자    총출전  1위  2위  3위 1년출전 1위  2위  3위 
-------------------------------------------------------------------------------------
강성오   09  1966/08/20  55  2018/07/01    629    75   74   56   228   25   26   27
강환민   31  1970/05/26  52  2017/07/01    956   122  109  107   230   22   21   27
곽영효   19  1961/09/24  60  1997/05/28   4756   490  467  417   191   15   27   21
구자흥   07  1963/08/07  58  2010/04/05   2017   154  202  200   127    7    6    7
김동균   52  1975/08/24  46  2012/07/01   2807   287  249  266   357   39   36   41
김동철   53  1974/11/28  47  2016/03/16   1488    85  128  123   239   14   18   11
김윤섭   32  1968/09/20  53  1998/07/02   5049   324  408  426   153    9    7   10
리카디   34  1968/03/02  54  2017/11/26    657    85   91   73   217   35   33   22
문병기   21  1968/08/07  53  2022/07/01     12     2    3    0    12    2    3    0
박병일   27  1964/04/26  58  2011/07/15   1961   171  193  182   229   22   25   22
박윤규   04  1966/09/26  55  2004/07/01   4150   326  366  379   194   18   25   16
박재우   50  1970/01/02  52  2011/01/26   3318   442  366  325   386   36   46   37
박종곤   01  1962/08/26  59  1997/09/04   4741   502  440  452   262   47   26   23
박천서   54  1963/06/08  59  2003/03/05   4467   425  415  426   196   15   12   21
박희철   15  1961/06/26  61  2002/07/01   5142   385  437  447   137   12    7    5
배대선   20  1960/04/02  62  1995/06/26   7837   865  830  820   189   18   15   19
배휴준   29  1966/09/25  55  2005/07/01   4577   317  374  391   190    6   12    8
서범석   12  1964/07/26  58  1999/07/01   5007   443  456  452   231   14   19   15
서인석   33  1968/11/20  53  2010/12/09   4702   427  466  450   473   44   40   47
서홍수   24  1964/01/04  58  2008/09/24   2402   210  217  232   261   30   29   39
손영표   02  1966/11/14  55  2006/07/27   2972   233  229  203   181    8   15    7
송문길   40  1971/03/22  51  2013/07/01   2370   348  279  247   328   45   32   36
신삼영   41  1963/11/06  58  2010/07/01   2274   209  199  204   183   11   13   18
심승태   37  1978/02/14  44  2012/05/04   2318   177  212  202   138   10    6    9
안병기   22  1966/01/20  56  2008/07/01   4086   417  375  380   390   33   29   30
안해양   26  1961/07/24  61  1999/08/26   4386   390  355  371   220   19   28   20
우창구   05  1963/04/28  59  2008/07/01   3235   324  280  280   200   22   18   21
유재길   23  1961/07/16  61  2000/04/07   5704   413  442  486   173    7   12   12
이관호   42  1966/08/21  55  2013/11/01   2461   264  222  263   422   35   36   54
이신영   14  1980/04/12  42  2011/07/01   2604   341  218  252   239   24   14   22
이준철   48  1980/02/23  42  2021/07/01    155    25   24   21   151   25   24   19
이희영   13  1960/08/16  61  1986/12/04   8441   669  739  754   164   15   20   18
임채덕   35  1970/07/09  52  2020/07/01    268     7   11   16   167    7    8   13
전승규   25  1963/10/04  58  2017/04/26    859   133  107   89   227   25   24   24
정호익   10  1965/03/08  57  2006/03/04   5125   525  541  524   362   34   38   30
조현수   11  1970/04/25  52  2018/07/01    879    38   58   73   238   10   14   20
최봉주   16  1962/11/19  59  2007/03/08   2948   215  222  236   225   13   15   15
최상식   28  1960/02/25  62  1993/07/13   6275   478  512  542   190   13   12   19
최영주   03  1966/09/03  55  1997/11/19   4946   365  379  363   127   11    2    9
최용건   51  1967/08/09  54  2020/07/01    394    39   27   32   245   27   15   15
최용구   08  1965/10/08  56  2012/07/01   1776   204  184  163   167   14   17   16
토니     30  1974/04/10  48  2019/09/01    413    33   45   43   193   14   19   14
홍대유   06  1963/01/15  59  2006/07/01   4022   346  349  349   353   35   38   25
