-------------------------------------------------------------------------------------------------
기수명   조  생년월일   나이 데뷔일자   중량 타조중량 총출전 1위  2위  3위 1년출전 1위  2위  3위 
-------------------------------------------------------------------------------------------------
권오찬   프  1999/11/07  23  2021/07/15  48   48        189    4   12    8  147     4   10    8
김도현   99  1982/01/24  40  2003/07/02  53   53       2244  128  136  148    3     0    0    1
김동영   99  1980/04/06  42  2005/05/04  53   53       4400  412  433  442   85     2    6    6
김명신   99  1981/04/01  41  2005/05/04  52   52       2300   89  157  162    5     0    0    1
김어수   프  1983/07/06  39  2005/05/04  52   52       4083  243  306  344  263    11   14   15
김철호   프  1987/07/20  35  2008/06/18  52   52       2631  217  219  238  160     8    8   12
김태경   99  1966/03/22  56  1990/06/01  51   51       5344  343  409  442   11     1    0    1
김태현   99  1997/01/23  25  2020/07/15  51   51        514   25   29   32  171     9   10   13
김혜선   프  1988/08/31  34  2009/06/01  51   51       4259  348  372  358  418    46   57   40
다실바   프  1978/12/15  43  2016/09/02  53   53       2242  305  298  261  382    58   45   46
모준호   프  1991/12/31  30  2020/07/15  51   51        738   44   53   61  335    18   17   23
박재이   프  1996/02/14  26  2015/06/17  52   52       2224  164  222  225  394    60   53   50
박종호   프  1994/03/09  28  2020/07/15  51   51        277    8    7   14   73     2    2    6
서강주   프  1998/04/11  24  2021/07/15  50   50        370   26   42   46  329    26   40   40
서승운   프  1989/08/30  33  2011/08/24  52   52       3961  618  538  491  368    63   53   47
송경윤   프  1981/03/05  41  2007/05/18  53   53       4741  358  447  458  381    37   32   37
신윤섭   프  1995/01/28  27  2021/07/15  52   52        392   23   26   36  313    17   23   27
유광희   99  1988/09/25  34  2011/08/24  51   51       1568   52  100  118   21     0    1    2
유현명   프  1979/05/20  43  2002/09/13  51   51       7092 1199  937  750  388    77   47   42
윤형석   프  1998/12/16  23  2021/07/15  50   50        303   12   22   23  262    11   18   22
이성재   프  1982/10/18  40  2008/05/14  52   52       4221  326  329  396  383    34   19   35
이아나   99  1989/01/01  33  2011/08/24  50   50       1213   53   53   67    0     0    0    0
이홍락   프  1997/12/17  24  2022/07/01  50   50         81    5    9    7   81     5    9    7
이효식   99  1996/06/04  26  2016/06/18  51   51       1798  246  185  153    0     0    0    0
임성실   프  1981/02/15  41  2002/09/13  56   56       2643  353  296  279   95     5   10   15
전진구   프  1996/03/23  26  2017/06/02  50   50        909   47   64   52  187     2   14    8
정도윤   프  1995/11/20  27  2016/06/18  48   48       1897  159  154  192  236    26   25   23
정동철   프  1990/07/17  32  2011/08/24  48   48       2716  169  183  195  144     6    4    4
정우주   프  1993/01/23  29  2018/06/14  48   48        985   48   50   68  149     3    7    9
조인권   프  1987/01/18  35  2008/06/18  52   52       4581  648  531  490  351    36   53   40
조창욱   99  1980/02/10  42  2005/05/04  53   53       4104  371  351  360    4     0    1    1
진겸     99  1994/07/04  28  2015/06/17  52   52       1938  162  194  199   67     4    5    8
채상현   프  1993/11/21  29  2014/06/05  52   52       1770  127  151  160  243    13   17   20
최시대   프  1980/09/12  42  2007/05/18  51   51       5627  748  658  590  397    58   35   32
최은경   프  1997/02/24  25  2016/06/18  51   51       1503   89  119  138  312    20   21   37
