-------------------------------------------------------------------------------------
조교사명 조  생년월일   나이 데뷔일자    총출전  1위  2위  3위 1년출전 1위  2위  3위 
-------------------------------------------------------------------------------------
강은석   22  1971/11/10  50  2018/05/17    771    64   62   80   301   19   29   26
강형곤   02  1966/02/07  56  2004/03/02   5378   422  494  511   420   24   42   26
구민성   10  1978/08/11  43  2021/07/01    111     6    6    5   111    6    6    5
구영준   06  1972/06/08  49  2014/09/01   1795   104  131  169   252   13   16   22
권승주   33  1964/01/09  58  2012/03/03   3867   374  394  384   378   40   30   39
김길중   24  1963/03/28  58  2004/05/01   3763   238  298  315   257   14   11   14
김병학   07  1960/03/15  61  2004/03/02   3879   249  282  323   200   15   20   19
김영관   19  1960/06/13  61  2004/03/02   6056  1359  831  673   358   69   36   42
김영민   11  1980/03/08  41  2020/04/10    148    16   24    6    36    5    3    0
김재섭   16  1963/09/23  58  2004/03/02   5096   557  470  464   259   18   24   25
라이스   31  1976/09/15  45  2013/11/29   1966   266  204  204   320   49   31   30
민장기   21  1966/09/09  55  2004/05/01   4959   525  527  477   303   38   28   28
박재호   13  1978/09/20  43  2021/09/29     22     0    3    2    22    0    3    2
방동석   26  1967/12/09  54  2007/10/01   2995   280  270  307   224   28   18   14
백광열   01  1964/11/24  57  2004/03/02   6904   850  765  780   443   55   51   48
손병직   23  1973/11/14  48  2019/08/07    180    14   10    9     8    1    0    1
안우성   15  1974/01/18  48  2014/06/01   1875   230  230  214   310   22   38   26
양귀선   09  1961/11/10  60  2004/03/02   4799   316  354  417   368   34   28   39
울즐리   30  1962/12/24  59  2007/12/20   3550   612  463  375   319   31   40   34
유병복   05  1961/01/01  61  2004/03/02   4480   508  468  435   115    5    4    9
윤영훈   14  1965/03/03  56  2004/03/02   4518   294  360  371   196   13   13   15
이상영   27  1966/02/14  56  2007/10/01   3351   297  299  307   195    9   13   16
이정표   18  1965/03/02  56  2004/03/02   4266   186  268  317   233    5    7    3
임금만   04  1964/03/10  57  2004/03/02   4662   504  532  483   287   21   25   24
임동창   32  1960/05/05  61  2010/07/14   2126    96  113  154   205   12    9   10
장세한   17  1963/06/12  58  2004/03/02   4759   312  354  426   222    5   12   19
조용배   12  1967/03/16  54  2004/03/02   4924   221  301  371   264    6   14   14
최기홍   20  1964/11/09  57  2004/03/02   4402   383  392  383   133   10    8    8
토마스   08  1982/03/05  39  2015/06/01   1880   255  253  200   380   41   39   38
하무선   28  1968/06/15  53  2007/10/01   2272   126  140  183    74    3    3    4
