-------------------------------------------------------------------------------------
조교사명 조  생년월일   나이 데뷔일자    총출전  1위  2위  3위 1년출전 1위  2위  3위 
-------------------------------------------------------------------------------------
강성오   09  1966/08/20  56  2018/07/01    709    85   81   60   245   30   27   23
강환민   31  1970/05/26  52  2017/07/01   1048   126  121  118   267   21   30   33
곽영효   19  1961/09/24  61  1997/05/28   4837   502  477  424   233   24   31   24
구자흥   07  1963/08/07  59  2010/04/05   2060   157  208  204   130    7    9   10
김동균   52  1975/08/24  47  2012/07/01   2906   293  256  272   356   30   37   40
김동철   53  1974/11/28  47  2016/03/16   1572    87  133  133   252   11   17   17
김윤섭   32  1968/09/20  54  1998/07/02   5104   326  412  428   170    9    9    8
리카디   34  1968/03/02  54  2017/11/26    726    94  100   83   229   40   33   22
문병기   21  1968/08/07  54  2022/07/01     67     9    8    7    67    9    8    7
박병일   27  1964/04/26  58  2011/07/15   2016   172  200  189   219   17   25   27
박윤규   04  1966/09/26  56  2004/07/01   4241   332  371  389   236   21   26   20
박재우   50  1970/01/02  52  2011/01/26   3436   459  380  334   398   37   48   33
박종곤   01  1962/08/26  60  1997/09/04   4826   512  450  464   274   46   27   25
박천서   54  1963/06/08  59  2003/03/05   4526   430  422  431   200   17   13   20
박희철   15  1961/06/26  61  2002/07/01   5191   387  440  453   143   11    7   10
배대선   20  1960/04/02  62  1995/06/26   7905   872  841  824   186   20   21   16
배휴준   29  1966/09/25  56  2005/07/01   4641   320  379  395   206    8   14   10
서범석   12  1964/07/26  58  1999/07/01   5074   445  461  457   237   12   19   16
서인석   33  1968/11/20  53  2010/12/09   4837   444  479  469   468   47   41   52
서홍수   24  1964/01/04  58  2008/09/24   2516   232  229  241   297   43   30   38
손영표   02  1966/11/14  55  2006/07/27   3020   234  233  206   180    5   14    9
송문길   40  1971/03/22  51  2013/07/01   2456   352  291  258   321   39   36   38
신삼영   41  1963/11/06  59  2010/07/01   2317   215  203  206   175   16   11   14
심승태   37  1978/02/14  44  2012/05/04   2381   180  216  205   173   10   10   12
안병기   22  1966/01/20  56  2008/07/01   4190   424  383  383   381   31   33   23
안해양   26  1961/07/24  61  1999/08/26   4468   399  365  381   229   23   29   22
우창구   05  1963/04/28  59  2008/07/01   3293   331  283  287   189   17   15   22
유재길   23  1961/07/16  61  2000/04/07   5767   416  444  491   190    8   13   15
이관호   42  1966/08/21  56  2013/11/01   2586   273  227  276   435   35   29   56
이신영   14  1980/04/12  42  2011/07/01   2659   347  223  253   230   26   14   17
이준철   48  1980/02/23  42  2021/07/01    199    38   28   23   154   29   20   16
이희영   13  1960/08/16  62  1986/12/04   8488   679  743  758   168   22   17   18
임채덕   35  1970/07/09  52  2020/07/01    338     7   18   23   190    4   13   18
전승규   25  1963/10/04  59  2017/04/26    928   142  112   98   237   28   23   29
정호익   10  1965/03/08  57  2006/03/04   5235   535  554  537   379   37   44   37
조현수   11  1970/04/25  52  2018/07/01    948    39   62   76   245   10   16   17
최봉주   16  1962/11/19  59  2007/03/08   3015   221  231  241   220   16   18   16
최상식   28  1960/02/25  62  1993/07/13   6327   486  516  549   196   18   13   20
최영주   03  1966/09/03  56  1997/11/19   4998   370  386  365   154   15    9    8
최용건   51  1967/08/09  55  2020/07/01    486    50   33   42   268   30   19   20
최용구   08  1965/10/08  57  2012/07/01   1823   209  194  168   162   16   21   14
토니     30  1974/04/10  48  2019/09/01    471    42   49   52   197   17   17   18
홍대유   06  1963/01/15  59  2006/07/01   4140   357  359  359   370   34   37   26
