-------------------------------------------------------------------------------------
조교사명 조  생년월일   나이 데뷔일자    총출전  1위  2위  3위 1년출전 1위  2위  3위 
-------------------------------------------------------------------------------------
강은석   22  1971/11/10  50  2018/05/17    781    65   63   83   296   19   30   29
강형곤   02  1966/02/07  56  2004/03/02   5399   423  497  514   430   25   42   29
구민성   10  1978/08/11  43  2021/07/01    119     6    8    7   119    6    8    7
구영준   06  1972/06/08  49  2014/09/01   1803   104  131  169   252   13   15   22
권승주   33  1964/01/09  58  2012/03/03   3882   375  394  387   379   38   30   42
김길중   24  1963/03/28  58  2004/05/01   3779   239  301  315   262   15   13   14
김병학   07  1960/03/15  61  2004/03/02   3891   250  286  324   209   16   23   20
김영관   19  1960/06/13  61  2004/03/02   6071  1361  832  675   357   68   37   41
김영민   11  1980/03/08  41  2020/04/10    154    16   24    7    42    5    3    1
김재섭   16  1963/09/23  58  2004/03/02   5103   557  470  464   253   18   22   25
라이스   31  1976/09/15  45  2013/11/29   1978   266  204  205   319   48   31   28
민장기   21  1966/09/09  55  2004/05/01   4971   526  529  479   307   39   28   29
박재호   13  1978/09/20  43  2021/09/29     26     1    3    2    26    1    3    2
방동석   26  1967/12/09  54  2007/10/01   3001   280  273  307   226   27   19   14
백광열   01  1964/11/24  57  2004/03/02   6924   853  766  780   447   56   51   46
손병직   23  1973/11/14  48  2019/08/07    181    14   10    9     9    1    0    1
안우성   15  1974/01/18  48  2014/06/01   1891   232  232  216   318   23   39   27
양귀선   09  1961/11/10  60  2004/03/02   4819   319  354  418   377   35   28   38
울즐리   30  1962/12/24  59  2007/12/20   3568   615  464  376   327   32   41   33
유병복   05  1961/01/01  61  2004/03/02   4480   508  468  435   108    5    4    8
윤영훈   14  1965/03/03  57  2004/03/02   4529   294  361  371   202   12   14   15
이상영   27  1966/02/14  56  2007/10/01   3358   299  300  307   192   11   14   16
이정표   18  1965/03/02  57  2004/03/02   4275   186  269  317   235    5    7    3
임금만   04  1964/03/10  57  2004/03/02   4668   504  533  484   284   19   26   25
임동창   32  1960/05/05  61  2010/07/14   2132    97  113  155   204   13    9   11
장세한   17  1963/06/12  58  2004/03/02   4773   315  354  427   227    8   11   19
조용배   12  1967/03/16  54  2004/03/02   4937   221  302  372   264    6   15   13
최기홍   20  1964/11/09  57  2004/03/02   4409   383  392  383   133   10    7    8
토마스   08  1982/03/05  40  2015/06/01   1894   257  253  201   382   42   37   37
하무선   28  1968/06/15  53  2007/10/01   2281   126  140  184    79    3    3    5
