-------------------------------------------------------------------------------------
조교사명 조  생년월일   나이 데뷔일자    총출전  1위  2위  3위 1년출전 1위  2위  3위 
-------------------------------------------------------------------------------------
강성오   09  1966/08/20  55  2018/07/01    592    70   69   49   228   25   27   23
강환민   31  1970/05/26  52  2017/07/01    925   119  108  104   238   22   25   28
곽영효   19  1961/09/24  60  1997/05/28   4721   488  462  415   180   16   24   19
구자흥   07  1963/08/07  58  2010/04/05   1993   153  200  199   122   10    4    7
김동균   52  1975/08/24  46  2012/07/01   2761   286  242  260   355   45   33   40
김동철   53  1974/11/28  47  2016/03/16   1450    82  125  122   245   16   16   16
김윤섭   32  1968/09/20  53  1998/07/02   5020   323  407  423   149    9    7    7
김점오   17  1959/05/20  63  1987/07/10   8689   791  798  751    89    7    6    7
리카디   34  1968/03/02  54  2017/11/26    616    76   82   70   200   30   29   20
박대흥   18  1958/08/07  63  1997/05/28   7104  1015  808  681   313   38   32   23
박병일   27  1964/04/26  58  2011/07/15   1925   166  191  180   219   22   29   22
박윤규   04  1966/09/26  55  2004/07/01   4120   323  362  379   190   21   23   18
박재우   50  1970/01/02  52  2011/01/26   3258   437  360  318   385   36   46   36
박종곤   01  1962/08/26  59  1997/09/04   4706   492  435  451   262   46   25   27
박천서   54  1963/06/08  58  2003/03/05   4442   420  414  421   195   12   12   16
박희철   15  1961/06/26  60  2002/07/01   5118   383  436  445   135   10    8    8
배대선   20  1960/04/02  62  1995/06/26   7808   862  826  816   197   20   13   18
배휴준   29  1966/09/25  55  2005/07/01   4554   317  373  388   201    7   12    8
서범석   12  1964/07/26  57  1999/07/01   4975   440  452  451   238   12   20   17
서인석   33  1968/11/20  53  2010/12/09   4629   419  458  440   465   44   40   39
서정하   43  1958/12/22  63  2004/09/01   2847   162  218  219    79    0    1    7
서홍수   24  1964/01/04  58  2008/09/24   2362   207  212  225   265   31   27   39
손영표   02  1966/11/14  55  2006/07/27   2951   232  227  199   186    9   15    4
송문길   40  1971/03/22  51  2013/07/01   2323   337  273  243   337   39   35   35
신삼영   41  1963/11/06  58  2010/07/01   2248   205  198  202   179    9   14   17
심승태   37  1978/02/14  44  2012/05/04   2295   175  209  198   134    8    4    5
안병기   22  1966/01/20  56  2008/07/01   4033   413  368  376   395   30   28   34
안해양   26  1961/07/24  60  1999/08/26   4347   385  350  367   212   15   25   20
우창구   05  1963/04/28  59  2008/07/01   3210   323  275  278   211   29   17   21
유재길   23  1961/07/16  60  2000/04/07   5680   411  441  485   176    6   13   12
이관호   42  1966/08/21  55  2013/11/01   2397   258  215  257   417   35   35   53
이신영   14  1980/04/12  42  2011/07/01   2572   336  217  248   244   21   15   22
이준철   48  1980/02/23  42  2021/07/01    134    24   18   19   134   24   18   19
이희영   13  1960/08/16  61  1986/12/04   8416   669  735  751   160   15   17   16
임봉춘   21  1959/04/14  63  2002/08/22   5278   423  457  524   340   23   39   31
임채덕   35  1970/07/09  51  2020/07/01    242     6   10   14   156    6    9   12
전승규   25  1963/10/04  58  2017/04/26    830   130  105   87   223   25   25   23
정호익   10  1965/03/08  57  2006/03/04   5068   521  534  516   358   35   37   31
조현수   11  1970/04/25  52  2018/07/01    840    36   55   71   244    9   13   19
지용철   49  1959/06/27  62  1986/11/20  12479   930 1082 1120   376   21   23   26
최봉주   16  1962/11/19  59  2007/03/08   2918   213  220  232   243   11   15   13
최상식   28  1960/02/25  62  1993/07/13   6245   476  511  539   190   11   15   18
최영주   03  1966/09/03  55  1997/11/19   4927   362  378  361   125    8    3    9
최용건   51  1967/08/09  54  2020/07/01    357    33   24   28   249   23   14   17
최용구   08  1965/10/08  56  2012/07/01   1757   204  181  159   175   16   14   15
토니     30  1974/04/10  48  2019/09/01    389    29   43   38   196   14   21   15
홍대유   06  1963/01/15  59  2006/07/01   3972   338  347  344   355   32   40   26
