-------------------------------------------------------------------------------------
조교사명 조  생년월일   나이 데뷔일자    총출전  1위  2위  3위 1년출전 1위  2위  3위 
-------------------------------------------------------------------------------------
강성오   09  1966/08/20  55  2018/07/01    621    75   71   55   229   28   24   27
강환민   31  1970/05/26  52  2017/07/01    951   122  109  107   237   24   23   29
곽영효   19  1961/09/24  60  1997/05/28   4745   490  465  416   188   15   25   20
구자흥   07  1963/08/07  58  2010/04/05   2011   153  202  200   124    7    6    8
김동균   52  1975/08/24  46  2012/07/01   2795   287  248  265   357   40   37   41
김동철   53  1974/11/28  47  2016/03/16   1478    83  126  123   239   15   17   13
김윤섭   32  1968/09/20  53  1998/07/02   5041   324  408  426   152    9    7   10
리카디   34  1968/03/02  54  2017/11/26    652    83   91   73   218   33   35   23
문병기   21  1968/08/07  53  2022/07/01      1     0    1    0     1    0    1    0
박병일   27  1964/04/26  58  2011/07/15   1951   169  193  181   221   22   25   21
박윤규   04  1966/09/26  55  2004/07/01   4142   325  365  379   195   21   24   16
박재우   50  1970/01/02  52  2011/01/26   3303   441  364  324   387   35   47   37
박종곤   01  1962/08/26  59  1997/09/04   4730   498  439  452   265   45   26   26
박천서   54  1963/06/08  59  2003/03/05   4465   423  415  426   201   14   12   21
박희철   15  1961/06/26  61  2002/07/01   5132   384  437  447   131   11    7    6
배대선   20  1960/04/02  62  1995/06/26   7830   864  829  818   191   18   15   17
배휴준   29  1966/09/25  55  2005/07/01   4571   317  374  390   190    6   12    8
서범석   12  1964/07/26  57  1999/07/01   4999   442  456  451   230   13   19   14
서인석   33  1968/11/20  53  2010/12/09   4682   426  463  446   469   46   38   43
서홍수   24  1964/01/04  58  2008/09/24   2389   210  216  230   263   30   30   40
손영표   02  1966/11/14  55  2006/07/27   2968   233  229  201   185    8   16    5
송문길   40  1971/03/22  51  2013/07/01   2359   344  278  247   332   42   35   36
신삼영   41  1963/11/06  58  2010/07/01   2268   208  199  204   183   10   13   18
심승태   37  1978/02/14  44  2012/05/04   2308   176  210  200   132    9    4    7
안병기   22  1966/01/20  56  2008/07/01   4072   416  373  378   393   33   28   29
안해양   26  1961/07/24  60  1999/08/26   4377   389  354  370   219   18   28   20
우창구   05  1963/04/28  59  2008/07/01   3229   324  280  279   204   23   19   20
유재길   23  1961/07/16  60  2000/04/07   5699   413  442  486   175    7   12   12
이관호   42  1966/08/21  55  2013/11/01   2446   264  219  262   419   37   36   53
이신영   14  1980/04/12  42  2011/07/01   2596   339  218  251   243   22   15   21
이준철   48  1980/02/23  42  2021/07/01    150    24   23   20   150   24   23   20
이희영   13  1960/08/16  61  1986/12/04   8435   669  737  752   163   15   18   16
임채덕   35  1970/07/09  52  2020/07/01    260     7   10   16   162    7    8   13
전승규   25  1963/10/04  58  2017/04/26    854   133  107   88   228   26   24   23
정호익   10  1965/03/08  57  2006/03/04   5111   524  536  521   364   35   35   29
조현수   11  1970/04/25  52  2018/07/01    868    37   58   73   234    9   14   21
최봉주   16  1962/11/19  59  2007/03/08   2939   215  220  233   225   13   13   13
최상식   28  1960/02/25  62  1993/07/13   6269   477  512  541   190   12   12   18
최영주   03  1966/09/03  55  1997/11/19   4942   365  379  363   127   11    2   10
최용건   51  1967/08/09  54  2020/07/01    381    36   26   30   245   24   15   17
최용구   08  1965/10/08  56  2012/07/01   1770   204  183  161   168   15   16   14
토니     30  1974/04/10  48  2019/09/01    409    32   44   43   194   14   18   15
홍대유   06  1963/01/15  59  2006/07/01   4010   344  349  349   353   35   41   28
