-------------------------------------------------------------------------------------
조교사명 조  생년월일   나이 데뷔일자    총출전  1위  2위  3위 1년출전 1위  2위  3위 
-------------------------------------------------------------------------------------
강성오   09  1966/08/20  55  2018/07/01    544    64   60   46   224   24   23   23
강환민   31  1970/05/26  51  2017/07/01    875   112  103   94   234   22   27   21
곽영효   19  1961/09/24  60  1997/05/28   4674   481  455  411   163   11   18   15
구자흥   07  1963/08/07  58  2010/04/05   1968   153  200  196   132   11    6    5
김동균   52  1975/08/24  46  2012/07/01   2690   274  235  250   343   42   36   40
김동철   53  1974/11/28  47  2016/03/16   1405    81  121  119   246   17   16   16
김윤섭   32  1968/09/20  53  1998/07/02   4992   322  406  422   151    8    7    9
김점오   17  1959/05/20  62  1987/07/10   8679   790  797  751   105    7    6    9
리카디   34  1968/03/02  54  2017/11/26    575    64   76   69   194   22   26   26
박대흥   18  1958/08/07  63  1997/05/28   7049  1008  802  676   320   37   28   26
박병일   27  1964/04/26  57  2011/07/15   1883   163  186  167   221   23   25   12
박윤규   04  1966/09/26  55  2004/07/01   4085   318  356  378   190   19   20   18
박재우   50  1970/01/02  52  2011/01/26   3190   432  347  313   400   43   46   39
박종곤   01  1962/08/26  59  1997/09/04   4655   485  429  448   261   47   26   30
박천서   54  1963/06/08  58  2003/03/05   4407   418  412  418   200   11   10   16
박희철   15  1961/06/26  60  2002/07/01   5087   381  433  443   130    9    5    9
배대선   20  1960/04/02  61  1995/06/26   7772   859  823  813   217   18   12   20
배휴준   29  1966/09/25  55  2005/07/01   4512   316  370  387   209    6   14   10
서범석   12  1964/07/26  57  1999/07/01   4931   438  452  446   247   12   25   16
서인석   33  1968/11/20  53  2010/12/09   4543   413  454  434   471   45   45   40
서정하   43  1958/12/22  63  2004/09/01   2836   162  218  218    87    0    2    6
서홍수   24  1964/01/04  58  2008/09/24   2314   202  206  221   267   28   25   38
손영표   02  1966/11/14  55  2006/07/27   2915   230  224  199   182    8   13    7
송문길   40  1971/03/22  51  2013/07/01   2263   327  270  237   351   42   39   34
신삼영   41  1963/11/06  58  2010/07/01   2219   204  197  200   190    9   18   16
심승태   37  1978/02/14  44  2012/05/04   2263   172  207  195   127    5    2    4
안병기   22  1966/01/20  56  2008/07/01   3963   408  362  373   397   31   27   33
안해양   26  1961/07/24  60  1999/08/26   4311   384  346  363   222   16   24   17
우창구   05  1963/04/28  58  2008/07/01   3173   321  274  273   217   31   19   22
유재길   23  1961/07/16  60  2000/04/07   5648   410  434  483   177    6    8   12
이관호   42  1966/08/21  55  2013/11/01   2305   248  206  241   403   33   28   41
이신영   14  1980/04/12  41  2011/07/01   2527   332  215  244   251   23   16   21
이준철   48  1980/02/23  42  2021/07/01    103    18   13   13   103   18   13   13
이희영   13  1960/08/16  61  1986/12/04   8388   664  732  749   167   11   18   15
임봉춘   21  1959/04/14  62  2002/08/22   5212   418  450  516   352   26   42   29
임채덕   35  1970/07/09  51  2020/07/01    209     4    9   12   140    4    9   10
전승규   25  1963/10/04  58  2017/04/26    784   125  100   80   213   26   22   21
정호익   10  1965/03/08  57  2006/03/04   4992   517  524  507   351   37   34   28
조현수   11  1970/04/25  51  2018/07/01    790    31   53   65   250    7   13   17
지용철   49  1959/06/27  62  1986/11/20  12398   926 1075 1114   371   20   22   27
최봉주   16  1962/11/19  59  2007/03/08   2869   208  217  228   266    9   15   16
최상식   28  1960/02/25  62  1993/07/13   6210   470  507  536   191   10   13   19
최영주   03  1966/09/03  55  1997/11/19   4897   361  378  360   128    8    5   10
최용건   51  1967/08/09  54  2020/07/01    309    31   19   24   240   25   10   18
최용구   08  1965/10/08  56  2012/07/01   1729   199  178  157   181   14   13   15
토니     30  1974/04/10  47  2019/09/01    338    25   36   35   177   10   17   16
홍대유   06  1963/01/15  59  2006/07/01   3900   333  339  338   352   32   41   25
