-------------------------------------------------------------------------------------
조교사명 조  생년월일   나이 데뷔일자    총출전  1위  2위  3위 1년출전 1위  2위  3위 
-------------------------------------------------------------------------------------
강은석   22  1971/11/10  50  2018/05/17    844    69   69   88   275   19   29   29
강형곤   02  1966/02/07  56  2004/03/02   5537   438  510  530   440   28   40   36
구민성   10  1978/08/11  43  2021/07/01    194    14   22   13   194   14   22   13
구영준   06  1972/06/08  50  2014/09/01   1858   106  138  178   242   12   21   27
권승주   33  1964/01/09  58  2012/03/03   4002   394  406  395   402   48   34   44
김길중   24  1963/03/28  59  2004/05/01   3851   246  309  322   255   16   20   16
김병학   07  1960/03/15  62  2004/03/02   3960   256  293  329   214   19   25   22
김영관   19  1960/06/13  62  2004/03/02   6164  1376  843  693   356   65   40   49
김영민   11  1980/03/08  42  2020/04/10    207    20   36   12    95    9   15    6
라이스   31  1976/09/15  45  2013/11/29   2080   276  217  219   328   42   35   34
민장기   21  1966/09/09  55  2004/05/01   5049   537  534  482   291   36   22   22
박재호   13  1978/09/20  43  2021/09/29     72     4    6    3    72    4    6    3
방동석   26  1967/12/09  54  2007/10/01   3055   284  280  316   215   23   22   20
백광열   01  1964/11/24  57  2004/03/02   7047   867  778  794   438   51   51   47
손병직   23  1973/11/14  48  2019/08/07    210    18   11   14    38    5    1    6
안우성   15  1974/01/18  48  2014/06/01   1972   247  242  226   300   30   39   25
양귀선   09  1961/11/10  60  2004/03/02   4920   329  364  428   363   37   21   39
울즐리   30  1962/12/24  59  2007/12/20   3667   626  471  385   344   34   36   31
유병복   05  1961/01/01  61  2004/03/02   4480   508  468  435    49    4    3    2
윤영훈   14  1965/03/03  57  2004/03/02   4595   297  369  374   209   13   18   16
이상영   27  1966/02/14  56  2007/10/01   3413   304  305  311   189   16   17   15
이정표   18  1965/03/02  57  2004/03/02   4361   190  270  321   241    9    8    7
임금만   04  1964/03/10  58  2004/03/02   4734   508  535  491   270   17   19   21
임동창   32  1960/05/05  62  2010/07/14   2177   101  118  161   188   13   11   13
장세한   17  1963/06/12  59  2004/03/02   4832   319  357  432   215   12   12   20
조용배   12  1967/03/16  55  2004/03/02   5015   225  307  378   260    8   17   16
최기홍   20  1964/11/09  57  2004/03/02   4446   388  396  387   135   12    8   10
토마스   08  1982/03/05  40  2015/06/01   2001   271  263  206   391   46   37   34
하무선   28  1968/06/15  54  2007/10/01   2335   128  145  190   113    5    7   11
