-------------------------------------------------------------------------------------
조교사명 조  생년월일   나이 데뷔일자    총출전  1위  2위  3위 1년출전 1위  2위  3위 
-------------------------------------------------------------------------------------
강은석   22  1971/11/10  50  2018/05/17    847    70   69   88   262   18   27   28
강형곤   02  1966/02/07  56  2004/03/02   5561   441  511  531   446   30   39   37
구민성   10  1978/08/11  43  2021/07/01    199    15   22   14   199   15   22   14
구영준   06  1972/06/08  50  2014/09/01   1867   107  139  180   237   13   21   29
권승주   33  1964/01/09  58  2012/03/03   4018   396  407  398   398   43   35   45
김길중   24  1963/03/28  59  2004/05/01   3861   246  310  322   258   16   20   16
김병학   07  1960/03/15  62  2004/03/02   3969   257  294  329   216   19   26   19
김영관   19  1960/06/13  62  2004/03/02   6178  1378  845  695   356   63   41   48
김영민   11  1980/03/08  42  2020/04/10    211    21   36   12    99   10   15    6
라이스   31  1976/09/15  45  2013/11/29   2091   277  218  221   324   41   33   36
문현철   03  1980/11/20  41  2022/07/01      0     0    0    0     0    0    0    0
민장기   21  1966/09/09  55  2004/05/01   5061   538  535  484   288   36   22   22
박재호   13  1978/09/20  43  2021/09/29     77     4    6    3    77    4    6    3
방동석   26  1967/12/09  54  2007/10/01   3065   286  281  316   216   25   21   20
백광열   01  1964/11/24  57  2004/03/02   7069   871  779  796   443   53   51   46
손병직   23  1973/11/14  48  2019/08/07    214    19   11   14    42    6    1    6
안우성   15  1974/01/18  48  2014/06/01   1980   248  244  228   297   31   40   24
양귀선   09  1961/11/10  60  2004/03/02   4935   329  366  431   361   36   21   41
울즐리   30  1962/12/24  59  2007/12/20   3678   627  474  385   337   34   36   27
유병복   05  1961/01/01  61  2004/03/02   4480   508  468  435    42    4    2    2
윤영훈   14  1965/03/03  57  2004/03/02   4601   297  369  376   206   12   17   17
이상영   27  1966/02/14  56  2007/10/01   3418   305  307  311   190   17   19   15
이정표   18  1965/03/02  57  2004/03/02   4371   190  270  322   237    9    7    8
임금만   04  1964/03/10  58  2004/03/02   4749   508  536  492   271   16   19   21
임동창   32  1960/05/05  62  2010/07/14   2184   101  118  161   185   13   11   13
장세한   17  1963/06/12  59  2004/03/02   4846   319  359  433   215   12   14   20
조용배   12  1967/03/16  55  2004/03/02   5026   225  308  379   257    7   18   16
최기홍   20  1964/11/09  57  2004/03/02   4448   389  396  387   130   13    7   10
토마스   08  1982/03/05  40  2015/06/01   2013   271  265  207   384   45   38   33
하무선   28  1968/06/15  54  2007/10/01   2344   131  146  192   119    8    8   13
