-------------------------------------------------------------------------------------
조교사명 조  생년월일   나이 데뷔일자    총출전  1위  2위  3위 1년출전 1위  2위  3위 
-------------------------------------------------------------------------------------
강성오   09  1966/08/20  55  2018/07/01    500    58   56   43   210   21   25   20
강환민   31  1970/05/26  51  2017/07/01    817   108   98   87   213   23   25   20
곽영효   19  1961/09/24  60  1997/05/28   4634   479  450  403   144    9   14   10
구자흥   07  1963/08/07  58  2010/04/05   1949   151  199  195   142   11    6    4
김동균   52  1975/08/24  46  2012/07/01   2613   268  223  241   309   43   29   33
김동철   53  1974/11/28  47  2016/03/16   1361    79  118  116   235   15   15   14
김윤섭   32  1968/09/20  53  1998/07/02   4961   319  406  422   140    5    7   10
김점오   17  1959/05/20  62  1987/07/10   8663   790  796  751   109   10    5   11
리카디   34  1968/03/02  53  2017/11/26    533    58   71   62   177   17   23   22
박대흥   18  1958/08/07  63  1997/05/28   6985   998  798  667   307   36   28   18
박병일   27  1964/04/26  57  2011/07/15   1836   160  179  164   202   21   22   11
박윤규   04  1966/09/26  55  2004/07/01   4043   314  350  375   179   18   15   18
박재우   50  1970/01/02  52  2011/01/26   3107   426  341  305   374   43   51   37
박종곤   01  1962/08/26  59  1997/09/04   4603   480  425  442   246   50   27   30
박천서   54  1963/06/08  58  2003/03/05   4366   416  412  416   193   12   11   16
박희철   15  1961/06/26  60  2002/07/01   5063   380  433  443   122    8    5    9
배대선   20  1960/04/02  61  1995/06/26   7746   857  821  811   234   16   11   23
배휴준   29  1966/09/25  55  2005/07/01   4469   315  366  386   197    6   11   10
서범석   12  1964/07/26  57  1999/07/01   4879   434  446  445   224   12   20   16
서인석   33  1968/11/20  53  2010/12/09   4458   409  449  423   453   45   47   34
서정하   43  1958/12/22  63  2004/09/01   2822   162  218  218    89    1    3    7
서홍수   24  1964/01/04  58  2008/09/24   2269   198  204  211   254   27   27   30
손영표   02  1966/11/14  55  2006/07/27   2878   229  220  199   168    8   10   10
송문길   40  1971/03/22  50  2013/07/01   2197   318  264  229   345   42   39   31
신삼영   41  1963/11/06  58  2010/07/01   2179   202  194  196   181    7   16   14
심승태   37  1978/02/14  43  2012/05/04   2235   171  206  194   112    4    1    4
안병기   22  1966/01/20  55  2008/07/01   3883   400  356  366   363   26   24   29
안해양   26  1961/07/24  60  1999/08/26   4274   379  343  362   217   11   23   20
우창구   05  1963/04/28  58  2008/07/01   3139   317  272  268   206   28   17   20
유재길   23  1961/07/16  60  2000/04/07   5610   409  432  478   159    5    7    9
이관호   42  1966/08/21  55  2013/11/01   2223   247  202  234   380   36   27   39
이신영   14  1980/04/12  41  2011/07/01   2477   323  210  241   237   18   14   20
이준철   48  1980/02/23  41  2021/07/01     75    13   12   11    75   13   12   11
이희영   13  1960/08/16  61  1986/12/04   8351   662  728  743   150   10   14   13
임봉춘   21  1959/04/14  62  2002/08/22   5146   414  439  512   329   24   34   28
임채덕   35  1970/07/09  51  2020/07/01    177     4    7    8   126    4    7    6
전승규   25  1963/10/04  58  2017/04/26    735   118   94   76   203   24   21   22
정호익   10  1965/03/05  56  2006/03/04   4918   504  516  503   326   31   32   31
조현수   11  1970/04/25  51  2018/07/01    740    30   48   62   235    7    9   18
지용철   49  1959/06/27  62  1986/11/20  12332   920 1072 1111   340   15   24   24
최봉주   16  1962/11/19  59  2007/03/08   2828   207  214  225   258   11   12   16
최상식   28  1960/02/25  61  1993/07/13   6166   469  506  532   175   10   18   16
최영주   03  1966/09/03  55  1997/11/19   4866   356  377  359   125    3    4   10
최용건   51  1967/08/09  54  2020/07/01    260    23   16   22   211   18   10   16
최용구   08  1965/10/08  56  2012/07/01   1689   194  174  154   170   11   11   13
토니     30  1974/04/10  47  2019/09/01    303    25   35   35   166   13   17   18
홍대유   06  1963/01/15  58  2006/07/01   3829   328  330  337   334   31   37   25
