-------------------------------------------------------------------------------------
조교사명 조  생년월일   나이 데뷔일자    총출전  1위  2위  3위 1년출전 1위  2위  3위 
-------------------------------------------------------------------------------------
강성오   09  1966/08/20  56  2018/07/01    666    78   79   58   228   25   29   23
강환민   31  1970/05/26  52  2017/07/01    994   123  114  112   241   21   25   28
곽영효   19  1961/09/24  60  1997/05/28   4791   495  469  421   206   18   27   22
구자흥   07  1963/08/07  59  2010/04/05   2037   155  203  202   128    6    6    9
김동균   52  1975/08/24  47  2012/07/01   2853   288  252  268   350   32   35   37
김동철   53  1974/11/28  47  2016/03/16   1522    85  131  128   233   11   17   14
김윤섭   32  1968/09/20  53  1998/07/02   5076   325  411  426   158    9   10    7
리카디   34  1968/03/02  54  2017/11/26    689    90   96   77   221   37   35   21
문병기   21  1968/08/07  54  2022/07/01     37     4    6    1    37    4    6    1
박병일   27  1964/04/26  58  2011/07/15   1985   171  197  183   224   19   25   21
박윤규   04  1966/09/26  55  2004/07/01   4188   330  368  382   207   21   25   15
박재우   50  1970/01/02  52  2011/01/26   3378   453  372  329   391   38   45   35
박종곤   01  1962/08/26  60  1997/09/04   4777   508  447  459   266   48   29   24
박천서   54  1963/06/08  59  2003/03/05   4498   428  418  429   200   16   13   23
박희철   15  1961/06/26  61  2002/07/01   5162   385  437  451   135   10    4    9
배대선   20  1960/04/02  62  1995/06/26   7858   869  831  821   175   22   14   14
배휴준   29  1966/09/25  55  2005/07/01   4605   320  376  392   196    8   13    9
서범석   12  1964/07/26  58  1999/07/01   5034   444  458  452   228   13   17   14
서인석   33  1968/11/20  53  2010/12/09   4764   437  474  455   465   44   42   45
서홍수   24  1964/01/04  58  2008/09/24   2456   220  223  237   274   37   29   39
손영표   02  1966/11/14  55  2006/07/27   2994   233  231  204   174    7   13    8
송문길   40  1971/03/22  51  2013/07/01   2405   351  282  252   316   43   32   36
신삼영   41  1963/11/06  58  2010/07/01   2291   210  200  206   175   11   10   18
심승태   37  1978/02/14  44  2012/05/04   2350   178  213  203   159   10    7   10
안병기   22  1966/01/20  56  2008/07/01   4126   418  380  383   370   28   31   29
안해양   26  1961/07/24  61  1999/08/26   4422   393  358  374   214   20   25   18
우창구   05  1963/04/28  59  2008/07/01   3261   327  283  284   197   21   17   23
유재길   23  1961/07/16  61  2000/04/07   5735   415  443  488   180    9   13   12
이관호   42  1966/08/21  56  2013/11/01   2516   268  226  270   420   33   31   56
이신영   14  1980/04/12  42  2011/07/01   2629   344  219  253   229   24   12   22
이준철   48  1980/02/23  42  2021/07/01    171    30   24   23   148   24   20   21
이희영   13  1960/08/16  62  1986/12/04   8463   674  742  756   163   18   21   18
임채덕   35  1970/07/09  52  2020/07/01    299     7   15   19   175    6   11   15
전승규   25  1963/10/04  58  2017/04/26    882   133  109   92   218   20   23   25
정호익   10  1965/03/08  57  2006/03/04   5174   528  545  533   370   33   38   37
조현수   11  1970/04/25  52  2018/07/01    915    39   59   75   238   10   14   17
최봉주   16  1962/11/19  59  2007/03/08   2976   218  225  239   218   14   16   16
최상식   28  1960/02/25  62  1993/07/13   6299   481  514  544   192   14   13   20
최영주   03  1966/09/03  56  1997/11/19   4963   366  381  364   131   11    4    9
최용건   51  1967/08/09  55  2020/07/01    435    45   30   37   248   29   16   17
최용구   08  1965/10/08  56  2012/07/01   1801   206  190  167   169   16   21   18
토니     30  1974/04/10  48  2019/09/01    436    36   48   48   190   14   19   16
홍대유   06  1963/01/15  59  2006/07/01   4074   353  352  351   353   36   36   21
