-------------------------------------------------------------------------------------
조교사명 조  생년월일   나이 데뷔일자    총출전  1위  2위  3위 1년출전 1위  2위  3위 
-------------------------------------------------------------------------------------
강은석   22  1971/11/10  50  2018/05/17    730    62   57   75   285   20   27   24
강형곤   02  1966/02/07  55  2004/03/02   5316   421  488  508   394   29   39   28
구민성   10  1978/08/11  43  2021/07/01     77     5    4    5    77    5    4    5
구영준   06  1972/06/08  49  2014/09/01   1763   101  128  163   236   11   13   19
권승주   33  1964/01/09  57  2012/03/03   3809   371  386  376   343   39   27   34
김길중   24  1963/03/28  58  2004/05/01   3726   234  297  313   247   13   10   14
김병학   07  1960/03/15  61  2004/03/02   3852   244  281  318   193   12   19   16
김영관   19  1960/06/13  61  2004/03/02   6011  1349  823  670   338   63   31   40
김영민   11  1980/03/08  41  2020/04/10    121    12   22    6    22    2    2    0
김재섭   16  1963/09/23  58  2004/03/02   5060   555  469  461   241   17   24   24
라이스   31  1976/09/15  45  2013/11/29   1929   262  197  202   300   46   28   28
민장기   21  1966/09/09  55  2004/05/01   4916   520  525  472   295   37   31   26
박재호   13  1978/09/20  43  2021/09/29     12     0    2    1    12    0    2    1
방동석   26  1967/12/09  54  2007/10/01   2965   275  270  303   217   26   21   11
백광열   01  1964/11/24  57  2004/03/02   6849   849  753  775   419   55   43   48
손병직   23  1973/11/14  48  2019/08/07    173    13   10    8    11    2    0    0
안우성   15  1974/01/18  47  2014/06/01   1832   226  222  210   284   20   32   23
양귀선   09  1961/11/10  60  2004/03/02   4748   310  351  414   340   29   28   37
울즐리   30  1962/12/24  59  2007/12/20   3511   608  463  372   298   30   43   34
유병복   05  1961/01/01  61  2004/03/02   4480   508  468  435   136    5    5    9
윤영훈   14  1965/03/03  56  2004/03/02   4487   292  360  367   182   12   13   11
이상영   27  1966/02/14  55  2007/10/01   3324   294  297  306   184    6   12   15
이정표   18  1965/03/02  56  2004/03/02   4234   184  267  315   208    3    6    1
임금만   04  1964/03/10  57  2004/03/02   4626   501  530  480   278   19   26   25
임동창   32  1960/05/05  61  2010/07/14   2096    94  113  154   184   10   10   11
장세한   17  1963/06/12  58  2004/03/02   4730   310  352  421   214    4   10   15
조용배   12  1967/03/16  54  2004/03/02   4892   221  298  369   250    6   11   13
최기홍   20  1964/11/09  57  2004/03/02   4382   383  392  383   130   12    8    9
토마스   08  1982/03/05  39  2015/06/01   1829   251  250  196   358   39   39   38
하무선   28  1968/06/15  53  2007/10/01   2255   125  139  183    62    2    2    4
