-------------------------------------------------------------------------------------
조교사명 조  생년월일   나이 데뷔일자    총출전  1위  2위  3위 1년출전 1위  2위  3위 
-------------------------------------------------------------------------------------
강은석   22  1971/11/10  50  2018/05/17    800    66   65   84   307   20   31   29
강형곤   02  1966/02/07  56  2004/03/02   5422   426  500  515   427   24   43   27
구민성   10  1978/08/11  43  2021/07/01    136     7   12    9   136    7   12    9
구영준   06  1972/06/08  49  2014/09/01   1815   105  134  170   254   14   18   22
권승주   33  1964/01/09  58  2012/03/03   3911   380  397  387   393   40   31   42
김길중   24  1963/03/28  59  2004/05/01   3792   240  302  318   254   16   13   17
김병학   07  1960/03/15  62  2004/03/02   3905   252  287  324   208   18   22   20
김영관   19  1960/06/13  61  2004/03/02   6091  1364  835  678   359   66   40   42
김영민   11  1980/03/08  42  2020/04/10    166    16   28    8    54    5    7    2
김재섭   16  1963/09/23  58  2004/03/02   5111   559  470  465   253   20   21   25
라이스   31  1976/09/15  45  2013/11/29   1997   266  205  210   324   47   31   32
민장기   21  1966/09/09  55  2004/05/01   4984   528  530  479   303   39   27   27
박재호   13  1978/09/20  43  2021/09/29     34     3    3    3    34    3    3    3
방동석   26  1967/12/09  54  2007/10/01   3016   281  276  310   226   26   20   15
백광열   01  1964/11/24  57  2004/03/02   6953   857  769  783   454   56   52   47
손병직   23  1973/11/14  48  2019/08/07    188    15   10   10    16    2    0    2
안우성   15  1974/01/18  48  2014/06/01   1908   235  233  220   321   23   39   29
양귀선   09  1961/11/10  60  2004/03/02   4840   319  357  420   376   34   26   38
울즐리   30  1962/12/24  59  2007/12/20   3584   615  465  379   331   31   40   34
유병복   05  1961/01/01  61  2004/03/02   4480   508  468  435    95    5    4    4
윤영훈   14  1965/03/03  57  2004/03/02   4540   295  362  371   203   13   13   15
이상영   27  1966/02/14  56  2007/10/01   3368   300  301  308   186   12   15   17
이정표   18  1965/03/02  57  2004/03/02   4294   186  269  319   237    5    7    5
임금만   04  1964/03/10  58  2004/03/02   4679   505  533  484   280   20   24   22
임동창   32  1960/05/05  61  2010/07/14   2141    97  115  155   200   12   10   10
장세한   17  1963/06/12  58  2004/03/02   4785   316  354  428   227    9   11   20
조용배   12  1967/03/16  55  2004/03/02   4950   222  302  374   261    7   14   15
최기홍   20  1964/11/09  57  2004/03/02   4417   385  392  383   136   12    7    8
토마스   08  1982/03/05  40  2015/06/01   1914   260  253  202   385   44   37   38
하무선   28  1968/06/15  53  2007/10/01   2287   126  141  184    81    3    4    5
