-------------------------------------------------------------------------------------
조교사명 조  생년월일   나이 데뷔일자    총출전  1위  2위  3위 1년출전 1위  2위  3위 
-------------------------------------------------------------------------------------
강성오   09  1966/08/20  56  2018/07/01    675    78   80   58   234   24   30   23
강환민   31  1970/05/26  52  2017/07/01   1009   123  114  114   249   20   25   30
곽영효   19  1961/09/24  61  1997/05/28   4805   498  473  422   219   21   31   23
구자흥   07  1963/08/07  59  2010/04/05   2041   155  203  203   127    6    6    9
김동균   52  1975/08/24  47  2012/07/01   2867   290  253  268   361   33   36   37
김동철   53  1974/11/28  47  2016/03/16   1532    86  131  128   236   12   16   14
김윤섭   32  1968/09/20  54  1998/07/02   5084   325  411  428   164    9   10    9
리카디   34  1968/03/02  54  2017/11/26    700    92   98   78   228   39   36   21
문병기   21  1968/08/07  54  2022/07/01     43     4    7    2    43    4    7    2
박병일   27  1964/04/26  58  2011/07/15   1992   171  197  184   223   18   24   22
박윤규   04  1966/09/26  56  2004/07/01   4202   331  368  383   217   22   24   16
박재우   50  1970/01/02  52  2011/01/26   3390   456  373  329   397   40   45   33
박종곤   01  1962/08/26  60  1997/09/04   4793   510  448  459   276   49   30   24
박천서   54  1963/06/08  59  2003/03/05   4504   428  420  430   202   16   15   23
박희철   15  1961/06/26  61  2002/07/01   5172   386  437  453   143   10    4   11
배대선   20  1960/04/02  62  1995/06/26   7866   870  835  822   177   21   18   15
배휴준   29  1966/09/25  56  2005/07/01   4614   320  378  393   202    8   15   10
서범석   12  1964/07/26  58  1999/07/01   5045   445  459  454   234   13   18   16
서인석   33  1968/11/20  53  2010/12/09   4781   439  477  456   476   46   45   46
서홍수   24  1964/01/04  58  2008/09/24   2471   223  223  238   282   40   29   39
손영표   02  1966/11/14  55  2006/07/27   3004   233  232  205   181    5   13    9
송문길   40  1971/03/22  51  2013/07/01   2416   351  285  253   322   43   35   36
신삼영   41  1963/11/06  58  2010/07/01   2300   211  200  206   181   12    9   17
심승태   37  1978/02/14  44  2012/05/04   2359   179  213  204   164   10    7   11
안병기   22  1966/01/20  56  2008/07/01   4142   420  382  383   378   30   32   26
안해양   26  1961/07/24  61  1999/08/26   4434   395  358  378   224   22   25   22
우창구   05  1963/04/28  59  2008/07/01   3273   327  283  286   202   19   17   24
유재길   23  1961/07/16  61  2000/04/07   5744   415  443  490   184    9   12   14
이관호   42  1966/08/21  56  2013/11/01   2534   268  226  272   430   33   31   57
이신영   14  1980/04/12  42  2011/07/01   2638   345  220  253   236   25   13   22
이준철   48  1980/02/23  42  2021/07/01    180    32   26   23   154   26   21   21
이희영   13  1960/08/16  62  1986/12/04   8471   674  742  757   167   18   21   19
임채덕   35  1970/07/09  52  2020/07/01    311     7   15   20   183    6   11   15
전승규   25  1963/10/04  58  2017/04/26    892   136  110   94   226   23   24   27
정호익   10  1965/03/08  57  2006/03/04   5186   528  546  534   374   33   39   37
조현수   11  1970/04/25  52  2018/07/01    926    39   60   75   244   10   15   16
최봉주   16  1962/11/19  59  2007/03/08   2986   219  226  239   217   14   16   16
최상식   28  1960/02/25  62  1993/07/13   6308   484  515  544   197   17   13   19
최영주   03  1966/09/03  56  1997/11/19   4971   367  382  365   139   12    5   10
최용건   51  1967/08/09  55  2020/07/01    451    45   31   38   263   29   17   18
최용구   08  1965/10/08  56  2012/07/01   1807   207  191  167   168   16   20   17
토니     30  1974/04/10  48  2019/09/01    444    38   49   49   193   16   19   17
홍대유   06  1963/01/15  59  2006/07/01   4092   353  354  352   362   35   37   22
