-------------------------------------------------------------------------------------
조교사명 조  생년월일   나이 데뷔일자    총출전  1위  2위  3위 1년출전 1위  2위  3위 
-------------------------------------------------------------------------------------
강은석   22  1971/11/10  50  2018/05/17    793    65   64   83   303   19   30   28
강형곤   02  1966/02/07  56  2004/03/02   5413   425  499  515   426   24   43   27
구민성   10  1978/08/11  43  2021/07/01    132     7   10    9   132    7   10    9
구영준   06  1972/06/08  49  2014/09/01   1811   105  134  169   252   14   18   22
권승주   33  1964/01/09  58  2012/03/03   3904   378  397  387   394   40   32   42
김길중   24  1963/03/28  58  2004/05/01   3788   240  302  316   259   16   13   15
김병학   07  1960/03/15  62  2004/03/02   3901   251  287  324   208   17   22   20
김영관   19  1960/06/13  61  2004/03/02   6084  1364  833  677   357   67   38   43
김영민   11  1980/03/08  42  2020/04/10    162    16   26    7    50    5    5    1
김재섭   16  1963/09/23  58  2004/03/02   5108   558  470  465   253   19   21   26
라이스   31  1976/09/15  45  2013/11/29   1991   266  204  209   325   47   31   32
민장기   21  1966/09/09  55  2004/05/01   4980   527  530  479   307   39   28   28
박재호   13  1978/09/20  43  2021/09/29     32     2    3    3    32    2    3    3
방동석   26  1967/12/09  54  2007/10/01   3011   281  274  309   227   27   19   14
백광열   01  1964/11/24  57  2004/03/02   6943   856  769  781   452   57   52   46
손병직   23  1973/11/14  48  2019/08/07    186    14   10   10    14    1    0    2
안우성   15  1974/01/18  48  2014/06/01   1901   234  233  219   318   23   39   28
양귀선   09  1961/11/10  60  2004/03/02   4833   319  356  420   376   34   26   38
울즐리   30  1962/12/24  59  2007/12/20   3580   615  465  378   333   31   42   33
유병복   05  1961/01/01  61  2004/03/02   4480   508  468  435   102    5    4    7
윤영훈   14  1965/03/03  57  2004/03/02   4535   295  362  371   200   13   13   15
이상영   27  1966/02/14  56  2007/10/01   3363   299  301  308   186   11   15   17
이정표   18  1965/03/02  57  2004/03/02   4286   186  269  318   235    5    7    4
임금만   04  1964/03/10  58  2004/03/02   4675   505  533  484   278   20   25   22
임동창   32  1960/05/05  61  2010/07/14   2139    97  114  155   201   12    9   10
장세한   17  1963/06/12  58  2004/03/02   4779   316  354  427   225    9   11   19
조용배   12  1967/03/16  55  2004/03/02   4946   222  302  374   260    7   15   15
최기홍   20  1964/11/09  57  2004/03/02   4417   385  392  383   136   12    7    8
토마스   08  1982/03/05  40  2015/06/01   1906   258  253  202   383   42   37   38
하무선   28  1968/06/15  53  2007/10/01   2283   126  140  184    78    3    3    5
