-------------------------------------------------------------------------------------------------
기수명   조  생년월일   나이 데뷔일자   중량 타조중량 총출전 1위  2위  3위 1년출전 1위  2위  3위 
-------------------------------------------------------------------------------------------------
권오찬   프  1999/11/07  22  2021/07/15  48   48        141    3    9    6  134     3    9    6
김도현   99  1982/01/24  40  2003/07/02  53   53       2244  128  136  148    6     0    0    1
김동영   99  1980/04/06  42  2005/05/04  53   53       4400  412  433  442   85     2    6    6
김명신   99  1981/04/01  41  2005/05/04  52   52       2300   89  157  162   18     2    0    2
김어수   프  1983/07/06  39  2005/05/04  52   52       4025  241  303  341  244    10   14   15
김철호   프  1987/07/20  35  2008/06/18  53   53       2570  216  218  237   99     7    7   11
김태경   99  1966/03/22  56  1990/06/01  51   51       5344  343  409  442   35     2    0    2
김태현   99  1997/01/23  25  2020/07/15  51   51        514   25   29   32  225    11   13   16
김혜선   프  1988/08/31  34  2009/06/01  51   51       4163  340  364  352  413    46   61   42
다실바   프  1978/12/15  43  2016/09/02  53   53       2164  292  287  251  388    56   42   44
모준호   프  1991/12/31  30  2020/07/15  51   51        667   39   50   54  346    16   20   26
박재이   프  1996/02/14  26  2015/06/17  52   52       2127  153  204  211  374    58   42   45
박종호   프  1994/03/09  28  2020/07/15  51   51        259    8    6   13   74     2    1    5
서강주   프  1998/04/11  24  2021/07/15  50   50        255   11   24   33  246    11   24   32
서승운   프  1989/08/30  33  2011/08/24  52   52       3879  604  530  479  361    62   58   42
송경윤   프  1981/03/05  41  2007/05/18  53   53       4635  347  438  446  345    29   25   32
신윤섭   프  1995/01/28  27  2021/07/15  52   52        322   18   19   31  304    15   19   29
유광희   99  1988/09/25  33  2011/08/24  51   51       1568   52  100  118   57     2    4    5
유현명   프  1979/05/20  43  2002/09/13  51   51       6991 1180  926  741  354    73   41   38
윤형석   프  1998/12/16  23  2021/07/15  50   50        220    4   15   18  210     4   14   18
이성재   프  1982/10/18  39  2008/05/14  52   52       4117  319  324  388  352    31   19   37
이아나   99  1989/01/01  33  2011/08/24  50   50       1213   53   53   67    0     0    0    0
이홍락   프  1997/12/17  24  2022/07/01  50   50         12    1    1    0   12     1    1    0
이효식   99  1996/06/04  26  2016/06/18  51   51       1798  246  185  153   15     3    3    1
임성실   프  1981/02/15  41  2002/09/13  56   56       2619  352  294  275  113    11   11   15
전진구   프  1996/03/23  26  2017/06/02  50   50        861   46   62   52  169     2   13    8
정도윤   프  1995/11/20  26  2016/06/18  48   48       1789  146  143  180  129    13   15   11
정동철   프  1990/07/17  32  2011/08/24  48   48       2675  166  181  194  159     3    2    7
정우주   프  1993/01/23  29  2018/06/14  48   48        942   47   49   65  144     3    6   10
조인권   프  1987/01/18  35  2008/06/18  52   52       4497  640  520  484  347    35   50   41
조창욱   99  1980/02/10  42  2005/05/04  53   53       4104  371  351  360    6     1    2    1
진겸     99  1994/07/04  28  2015/06/17  52   52       1938  162  194  199  141    15   19   18
채상현   프  1993/11/21  28  2014/06/05  52   52       1667  122  146  150  167     9   15   11
최시대   프  1980/09/12  41  2007/05/18  51   51       5524  734  644  578  381    52   28   29
최은경   프  1997/02/24  25  2016/06/18  51   51       1433   87  114  127  286    19   18   29
