-------------------------------------------------------------------------------------
조교사명 조  생년월일   나이 데뷔일자    총출전  1위  2위  3위 1년출전 1위  2위  3위 
-------------------------------------------------------------------------------------
강은석   22  1971/11/10  50  2018/05/17    879    76   70   91   227   19   24   25
강형곤   02  1966/02/07  56  2004/03/02   5668   453  516  539   465   37   36   37
구민성   10  1978/08/11  44  2021/07/01    246    16   24   20   229   16   24   19
구영준   06  1972/06/08  50  2014/09/01   1909   110  148  185   214   15   28   25
권승주   33  1964/01/09  58  2012/03/03   4105   406  421  404   401   43   41   43
김길중   24  1963/03/28  59  2004/05/01   3914   248  316  325   265   15   20   17
김병학   07  1960/03/15  62  2004/03/02   4015   260  298  332   218   19   25   20
김영관   19  1960/06/13  62  2004/03/02   6237  1389  856  701   329   60   45   42
김영민   11  1980/03/08  42  2020/04/10    250    26   39   18   138   15   18   12
라이스   31  1976/09/15  46  2013/11/29   2158   291  228  231   321   37   38   38
문현철   03  1980/11/20  41  2022/07/01      1     0    0    1     1    0    0    1
민장기   21  1966/09/09  56  2004/05/01   5117   542  542  490   282   35   20   23
박재호   13  1978/09/20  43  2021/09/29    104     5    9    6   104    5    9    6
방동석   26  1967/12/09  54  2007/10/01   3094   287  281  318   197   22   18   18
백광열   01  1964/11/24  57  2004/03/02   7150   878  789  802   421   48   49   38
손병직   23  1973/11/14  48  2019/08/07    247    21   13   16    75    8    3    8
안우성   15  1974/01/18  48  2014/06/01   2021   252  248  234   272   33   34   28
양귀선   09  1961/11/10  60  2004/03/02   5016   343  381  440   370   44   31   42
울즐리   30  1962/12/24  59  2007/12/20   3744   638  479  391   343   38   30   29
유병복   05  1961/01/01  61  2004/03/02   4480   508  468  435     0    0    0    0
윤영훈   14  1965/03/03  57  2004/03/02   4637   297  373  379   208    9   18   17
이상영   27  1966/02/14  56  2007/10/01   3461   312  309  317   194   22   20   19
이정표   18  1965/03/02  57  2004/03/02   4428   190  273  331   252    8    9   16
임금만   04  1964/03/10  58  2004/03/02   4796   512  541  497   250   15   15   23
임동창   32  1960/05/05  62  2010/07/14   2216   103  121  162   178   15   13   11
장세한   17  1963/06/12  59  2004/03/02   4885   323  361  435   212   14   14   18
조용배   12  1967/03/16  55  2004/03/02   5071   227  309  381   246    9   17   14
최기홍   20  1964/11/09  57  2004/03/02   4475   392  399  390   125   11    9    9
토마스   08  1982/03/05  40  2015/06/01   2076   275  268  218   361   36   32   36
하무선   28  1968/06/15  54  2007/10/01   2381   134  148  193   147   11    9   13
