-------------------------------------------------------------------------------------
조교사명 조  생년월일   나이 데뷔일자    총출전  1위  2위  3위 1년출전 1위  2위  3위 
-------------------------------------------------------------------------------------
강은석   22  1971/11/10  50  2018/05/17    805    66   65   85   306   20   31   30
강형곤   02  1966/02/07  56  2004/03/02   5429   426  501  516   428   23   43   27
구민성   10  1978/08/11  43  2021/07/01    142     7   12   10   142    7   12   10
구영준   06  1972/06/08  49  2014/09/01   1817   105  134  170   249   14   18   22
권승주   33  1964/01/09  58  2012/03/03   3916   381  399  387   389   39   33   42
김길중   24  1963/03/28  59  2004/05/01   3795   240  303  318   251   16   14   16
김병학   07  1960/03/15  62  2004/03/02   3908   252  287  324   208   18   22   19
김영관   19  1960/06/13  61  2004/03/02   6097  1366  837  678   359   68   42   41
김영민   11  1980/03/08  42  2020/04/10    170    16   29    8    58    5    8    2
김재섭   16  1963/09/23  58  2004/03/02   5120   560  470  466   259   20   20   25
라이스   31  1976/09/15  45  2013/11/29   2003   266  206  211   325   47   32   33
민장기   21  1966/09/09  55  2004/05/01   4990   529  530  479   299   38   25   27
박재호   13  1978/09/20  43  2021/09/29     35     3    4    3    35    3    4    3
방동석   26  1967/12/09  54  2007/10/01   3021   281  277  312   229   26   21   17
백광열   01  1964/11/24  57  2004/03/02   6962   859  770  784   453   58   53   47
손병직   23  1973/11/14  48  2019/08/07    188    15   10   10    16    2    0    2
안우성   15  1974/01/18  48  2014/06/01   1914   238  233  221   321   26   38   29
양귀선   09  1961/11/10  60  2004/03/02   4844   321  357  421   373   36   25   39
울즐리   30  1962/12/24  59  2007/12/20   3590   615  466  379   331   30   41   34
유병복   05  1961/01/01  61  2004/03/02   4480   508  468  435    92    4    4    4
윤영훈   14  1965/03/03  57  2004/03/02   4549   295  363  372   209   13   14   16
이상영   27  1966/02/14  56  2007/10/01   3368   300  301  308   183   12   14   17
이정표   18  1965/03/02  57  2004/03/02   4298   186  269  319   240    5    7    5
임금만   04  1964/03/10  58  2004/03/02   4684   505  533  485   281   20   24   23
임동창   32  1960/05/05  61  2010/07/14   2145    98  115  155   202   13   10   10
장세한   17  1963/06/12  58  2004/03/02   4787   316  354  428   224    9   11   20
조용배   12  1967/03/16  55  2004/03/02   4957   222  303  376   266    7   15   17
최기홍   20  1964/11/09  57  2004/03/02   4419   386  392  383   137   13    7    8
토마스   08  1982/03/05  40  2015/06/01   1920   260  253  202   386   42   35   38
하무선   28  1968/06/15  53  2007/10/01   2288   126  141  184    80    3    4    5
