-------------------------------------------------------------------------------------
조교사명 조  생년월일   나이 데뷔일자    총출전  1위  2위  3위 1년출전 1위  2위  3위 
-------------------------------------------------------------------------------------
강은석   22  1971/11/10  50  2018/05/17    847    70   69   88   269   18   27   28
강형곤   02  1966/02/07  56  2004/03/02   5550   439  510  531   447   29   40   37
구민성   10  1978/08/11  43  2021/07/01    195    14   22   13   195   14   22   13
구영준   06  1972/06/08  50  2014/09/01   1864   106  138  179   243   12   21   28
권승주   33  1964/01/09  58  2012/03/03   4010   396  407  395   400   47   35   44
김길중   24  1963/03/28  59  2004/05/01   3858   246  309  322   257   16   19   16
김병학   07  1960/03/15  62  2004/03/02   3965   256  294  329   216   18   26   20
김영관   19  1960/06/13  62  2004/03/02   6172  1377  844  694   356   65   40   47
김영민   11  1980/03/08  42  2020/04/10    211    21   36   12    99   10   15    6
라이스   31  1976/09/15  45  2013/11/29   2084   277  217  220   327   43   34   35
민장기   21  1966/09/09  55  2004/05/01   5056   537  535  484   292   35   22   23
박재호   13  1978/09/20  43  2021/09/29     74     4    6    3    74    4    6    3
방동석   26  1967/12/09  54  2007/10/01   3062   286  281  316   222   25   23   20
백광열   01  1964/11/24  57  2004/03/02   7055   869  779  796   440   52   51   47
손병직   23  1973/11/14  48  2019/08/07    211    18   11   14    39    5    1    6
안우성   15  1974/01/18  48  2014/06/01   1975   247  242  227   299   30   39   25
양귀선   09  1961/11/10  60  2004/03/02   4926   329  365  430   361   37   22   41
울즐리   30  1962/12/24  59  2007/12/20   3670   626  472  385   341   34   35   30
유병복   05  1961/01/01  61  2004/03/02   4480   508  468  435    49    4    3    2
윤영훈   14  1965/03/03  57  2004/03/02   4597   297  369  374   206   12   17   16
이상영   27  1966/02/14  56  2007/10/01   3417   305  306  311   190   17   18   15
이정표   18  1965/03/02  57  2004/03/02   4364   190  270  321   240    9    8    7
임금만   04  1964/03/10  58  2004/03/02   4742   508  535  492   268   16   18   22
임동창   32  1960/05/05  62  2010/07/14   2181   101  118  161   187   13   11   13
장세한   17  1963/06/12  59  2004/03/02   4841   319  358  432   217   12   13   20
조용배   12  1967/03/16  55  2004/03/02   5023   225  308  378   267    8   18   16
최기홍   20  1964/11/09  57  2004/03/02   4448   389  396  387   134   13    7   10
토마스   08  1982/03/05  40  2015/06/01   2008   271  264  207   388   46   38   35
하무선   28  1968/06/15  54  2007/10/01   2340   129  146  191   117    6    8   12
