-------------------------------------------------------------------------------------
조교사명 조  생년월일   나이 데뷔일자    총출전  1위  2위  3위 1년출전 1위  2위  3위 
-------------------------------------------------------------------------------------
강성오   09  1966/08/20  55  2018/07/01    596    71   69   49   230   26   27   22
강환민   31  1970/05/26  52  2017/07/01    932   120  108  105   238   23   24   29
곽영효   19  1961/09/24  60  1997/05/28   4724   488  463  415   181   15   25   19
구자흥   07  1963/08/07  58  2010/04/05   1995   153  200  199   121    9    4    7
김동균   52  1975/08/24  46  2012/07/01   2764   286  242  260   352   43   31   40
김동철   53  1974/11/28  47  2016/03/16   1455    83  125  122   242   17   16   15
김윤섭   32  1968/09/20  53  1998/07/02   5026   323  407  424   153    8    6    8
김점오   17  1959/05/20  63  1987/07/10   8689   791  798  751    88    7    6    7
리카디   34  1968/03/02  54  2017/11/26    626    77   86   71   208   30   33   21
박대흥   18  1958/08/07  63  1997/05/28   7110  1015  808  682   312   37   31   24
박병일   27  1964/04/26  58  2011/07/15   1930   166  192  180   217   21   28   22
박윤규   04  1966/09/26  55  2004/07/01   4124   323  362  379   190   21   23   17
박재우   50  1970/01/02  52  2011/01/26   3266   438  361  318   383   35   47   35
박종곤   01  1962/08/26  59  1997/09/04   4711   494  436  451   264   46   26   27
박천서   54  1963/06/08  59  2003/03/05   4448   420  414  422   198   12   12   17
박희철   15  1961/06/26  60  2002/07/01   5120   384  436  445   135   11    8    7
배대선   20  1960/04/02  62  1995/06/26   7812   863  826  816   197   20   13   18
배휴준   29  1966/09/25  55  2005/07/01   4557   317  373  388   198    6   11    8
서범석   12  1964/07/26  57  1999/07/01   4977   441  452  451   233   12   20   17
서인석   33  1968/11/20  53  2010/12/09   4638   420  458  441   468   45   38   40
서정하   43  1958/12/22  63  2004/09/01   2849   162  219  219    78    0    2    7
서홍수   24  1964/01/04  58  2008/09/24   2369   207  215  225   263   30   29   38
손영표   02  1966/11/14  55  2006/07/27   2953   232  228  200   184    9   16    4
송문길   40  1971/03/22  51  2013/07/01   2330   338  273  243   336   40   32   35
신삼영   41  1963/11/06  58  2010/07/01   2252   206  198  202   180   10   14   17
심승태   37  1978/02/14  44  2012/05/04   2297   175  209  198   133    8    4    5
안병기   22  1966/01/20  56  2008/07/01   4041   414  369  376   397   31   29   32
안해양   26  1961/07/24  60  1999/08/26   4352   386  350  368   211   16   25   21
우창구   05  1963/04/28  59  2008/07/01   3214   323  275  279   213   29   17   21
유재길   23  1961/07/16  60  2000/04/07   5682   411  441  485   175    6   13   11
이관호   42  1966/08/21  55  2013/11/01   2406   259  216  259   417   36   36   54
이신영   14  1980/04/12  42  2011/07/01   2578   336  217  248   244   21   15   22
이준철   48  1980/02/23  42  2021/07/01    138    24   18   19   138   24   18   19
이희영   13  1960/08/16  61  1986/12/04   8419   669  735  751   160   15   17   16
임봉춘   21  1959/04/14  63  2002/08/22   5285   423  457  525   341   23   39   32
임채덕   35  1970/07/09  51  2020/07/01    244     6   10   14   156    6    9   12
전승규   25  1963/10/04  58  2017/04/26    837   131  106   88   228   26   26   24
정호익   10  1965/03/08  57  2006/03/04   5076   522  535  516   358   36   37   29
조현수   11  1970/04/25  52  2018/07/01    842    36   55   71   240    9   12   19
지용철   49  1959/06/27  62  1986/11/20  12485   931 1083 1120   375   20   24   25
최봉주   16  1962/11/19  59  2007/03/08   2920   213  220  232   232   11   15   12
최상식   28  1960/02/25  62  1993/07/13   6249   476  511  539   189   11   15   17
최영주   03  1966/09/03  55  1997/11/19   4932   362  378  363   128    8    3   11
최용건   51  1967/08/09  54  2020/07/01    362    33   24   29   250   23   14   18
최용구   08  1965/10/08  56  2012/07/01   1759   204  182  159   176   16   15   15
토니     30  1974/04/10  48  2019/09/01    391    29   43   40   196   14   21   17
홍대유   06  1963/01/15  59  2006/07/01   3979   338  348  345   353   32   40   26
