-------------------------------------------------------------------------------------
조교사명 조  생년월일   나이 데뷔일자    총출전  1위  2위  3위 1년출전 1위  2위  3위 
-------------------------------------------------------------------------------------
강성오   09  1966/08/20  55  2018/07/01    588    69   68   49   225   25   26   23
강환민   31  1970/05/26  52  2017/07/01    921   119  107  103   239   23   24   27
곽영효   19  1961/09/24  60  1997/05/28   4714   488  459  415   176   16   21   19
구자흥   07  1963/08/07  58  2010/04/05   1989   153  200  198   122   10    4    6
김동균   52  1975/08/24  46  2012/07/01   2754   285  241  259   356   48   33   40
김동철   53  1974/11/28  47  2016/03/16   1445    82  124  122   246   16   15   16
김윤섭   32  1968/09/20  53  1998/07/02   5019   323  407  423   152    9    7    7
김점오   17  1959/05/20  63  1987/07/10   8689   791  798  751    90    7    7    7
리카디   34  1968/03/02  54  2017/11/26    612    75   82   70   201   29   29   23
박대흥   18  1958/08/07  63  1997/05/28   7100  1015  808  679   313   38   32   22
박병일   27  1964/04/26  58  2011/07/15   1922   166  191  179   220   23   29   21
박윤규   04  1966/09/26  55  2004/07/01   4116   322  361  379   190   20   23   18
박재우   50  1970/01/02  52  2011/01/26   3253   436  359  318   388   36   45   37
박종곤   01  1962/08/26  59  1997/09/04   4700   491  435  450   263   45   25   27
박천서   54  1963/06/08  58  2003/03/05   4441   420  414  421   196   12   12   16
박희철   15  1961/06/26  60  2002/07/01   5115   383  436  445   136   11    8    8
배대선   20  1960/04/02  62  1995/06/26   7804   862  826  816   200   20   14   18
배휴준   29  1966/09/25  55  2005/07/01   4548   317  372  388   200    7   12   11
서범석   12  1964/07/26  57  1999/07/01   4971   439  452  451   239   11   21   17
서인석   33  1968/11/20  53  2010/12/09   4625   419  458  440   470   45   42   39
서정하   43  1958/12/22  63  2004/09/01   2846   162  218  219    80    0    1    7
서홍수   24  1964/01/04  58  2008/09/24   2359   206  212  225   267   31   29   39
손영표   02  1966/11/14  55  2006/07/27   2946   232  227  199   185    9   15    5
송문길   40  1971/03/22  51  2013/07/01   2318   336  272  243   338   39   34   36
신삼영   41  1963/11/06  58  2010/07/01   2246   205  198  202   183   10   15   17
심승태   37  1978/02/14  44  2012/05/04   2291   173  209  198   134    6    4    5
안병기   22  1966/01/20  56  2008/07/01   4025   412  368  375   392   29   28   33
안해양   26  1961/07/24  60  1999/08/26   4344   385  350  366   215   15   25   19
우창구   05  1963/04/28  59  2008/07/01   3207   323  275  277   213   29   18   20
유재길   23  1961/07/16  60  2000/04/07   5676   411  439  485   177    6   11   12
이관호   42  1966/08/21  55  2013/11/01   2389   256  215  255   414   34   35   52
이신영   14  1980/04/12  42  2011/07/01   2570   336  217  248   247   21   15   22
이준철   48  1980/02/23  42  2021/07/01    130    24   17   19   130   24   17   19
이희영   13  1960/08/16  61  1986/12/04   8412   669  733  751   157   15   15   16
임봉춘   21  1959/04/14  63  2002/08/22   5270   422  456  524   341   23   41   31
임채덕   35  1970/07/09  51  2020/07/01    240     6   10   14   156    6    9   12
전승규   25  1963/10/04  58  2017/04/26    826   130  105   86   223   25   25   23
정호익   10  1965/03/08  57  2006/03/04   5061   521  533  515   359   36   36   31
조현수   11  1970/04/25  52  2018/07/01    835    34   55   71   243    7   13   19
지용철   49  1959/06/27  62  1986/11/20  12467   930 1082 1119   374   21   23   26
최봉주   16  1962/11/19  59  2007/03/08   2912   213  220  230   244   12   15   11
최상식   28  1960/02/25  62  1993/07/13   6243   474  511  539   190    9   15   19
최영주   03  1966/09/03  55  1997/11/19   4922   362  378  360   123    8    4    8
최용건   51  1967/08/09  54  2020/07/01    350    33   23   28   245   23   13   17
최용구   08  1965/10/08  56  2012/07/01   1753   204  181  158   174   16   15   14
토니     30  1974/04/10  48  2019/09/01    386    29   42   38   195   14   20   15
홍대유   06  1963/01/15  59  2006/07/01   3964   338  347  344   352   33   41   27
