-------------------------------------------------------------------------------------
조교사명 조  생년월일   나이 데뷔일자    총출전  1위  2위  3위 1년출전 1위  2위  3위 
-------------------------------------------------------------------------------------
강은석   22  1971/11/10  50  2018/05/17    841    69   68   88   277   19   28   31
강형곤   02  1966/02/07  56  2004/03/02   5530   437  509  528   449   28   43   36
구민성   10  1978/08/11  43  2021/07/01    187    13   22   13   187   13   22   13
구영준   06  1972/06/08  50  2014/09/01   1853   105  138  177   242   11   21   26
권승주   33  1964/01/09  58  2012/03/03   3994   393  406  395   400   47   35   44
김길중   24  1963/03/28  59  2004/05/01   3847   244  309  322   255   15   20   16
김병학   07  1960/03/15  62  2004/03/02   3955   255  292  329   212   18   24   22
김영관   19  1960/06/13  61  2004/03/02   6158  1376  843  692   359   66   42   49
김영민   11  1980/03/08  42  2020/04/10    203    19   35   12    91    8   14    6
라이스   31  1976/09/15  45  2013/11/29   2075   276  216  216   328   43   34   31
민장기   21  1966/09/09  55  2004/05/01   5043   537  533  481   291   37   21   22
박재호   13  1978/09/20  43  2021/09/29     69     4    6    3    69    4    6    3
방동석   26  1967/12/09  54  2007/10/01   3054   284  279  316   219   25   21   20
백광열   01  1964/11/24  57  2004/03/02   7040   867  777  792   440   52   51   45
손병직   23  1973/11/14  48  2019/08/07    209    18   11   14    37    5    1    6
안우성   15  1974/01/18  48  2014/06/01   1968   246  241  226   303   29   38   27
양귀선   09  1961/11/10  60  2004/03/02   4915   329  363  428   367   38   20   39
울즐리   30  1962/12/24  59  2007/12/20   3660   625  470  385   342   33   37   31
유병복   05  1961/01/01  61  2004/03/02   4480   508  468  435    54    4    3    3
윤영훈   14  1965/03/03  57  2004/03/02   4589   297  369  374   207   13   18   16
이상영   27  1966/02/14  56  2007/10/01   3408   304  305  311   185   16   17   15
이정표   18  1965/03/02  57  2004/03/02   4354   189  270  320   238    8    8    6
임금만   04  1964/03/10  58  2004/03/02   4729   508  535  491   270   17   19   22
임동창   32  1960/05/05  62  2010/07/14   2174   101  118  159   190   13   11   11
장세한   17  1963/06/12  59  2004/03/02   4827   319  357  432   212   12   12   21
조용배   12  1967/03/16  55  2004/03/02   5009   225  305  378   259    8   15   16
최기홍   20  1964/11/09  57  2004/03/02   4443   388  395  387   134   13    7   10
토마스   08  1982/03/05  40  2015/06/01   1993   269  263  206   394   46   38   35
하무선   28  1968/06/15  53  2007/10/01   2330   127  145  189   109    4    7   10
