-------------------------------------------------------------------------------------
조교사명 조  생년월일   나이 데뷔일자    총출전  1위  2위  3위 1년출전 1위  2위  3위 
-------------------------------------------------------------------------------------
강은석   22  1971/11/10  50  2018/05/17    894    78   73   94   221   21   23   27
강형곤   02  1966/02/07  56  2004/03/02   5731   454  521  545   500   36   40   40
구민성   10  1978/08/11  44  2021/07/01    269    21   25   22   239   20   25   21
구영준   06  1972/06/08  50  2014/09/01   1928   113  151  187   214   18   30   26
권승주   33  1964/01/09  58  2012/03/03   4150   411  425  409   417   48   45   43
김길중   24  1963/03/28  59  2004/05/01   3939   251  318  326   268   18   22   18
김병학   07  1960/03/15  62  2004/03/02   4047   263  302  335   236   20   27   22
김영관   19  1960/06/13  62  2004/03/02   6267  1395  861  705   319   59   45   41
김영민   11  1980/03/08  42  2020/04/10    266    27   40   22   154   16   19   16
라이스   31  1976/09/15  46  2013/11/29   2191   296  230  234   328   41   37   39
문현철   03  1980/11/20  41  2022/07/01      4     0    0    1     4    0    0    1
민장기   21  1966/09/09  56  2004/05/01   5144   545  545  496   290   34   23   28
박재호   13  1978/09/20  44  2021/09/29    113     5    9    6   113    5    9    6
방동석   26  1967/12/09  54  2007/10/01   3109   287  283  318   187   19   17   16
백광열   01  1964/11/24  57  2004/03/02   7197   883  797  807   435   50   54   38
손병직   23  1973/11/14  48  2019/08/07    263    21   13   16    91    8    3    8
안우성   15  1974/01/18  48  2014/06/01   2042   255  252  236   275   35   36   30
양귀선   09  1961/11/10  60  2004/03/02   5054   345  386  442   384   44   35   41
울즐리   30  1962/12/24  59  2007/12/20   3775   642  482  392   343   38   25   30
유병복   05  1961/01/01  61  2004/03/02   4480   508  468  435     0    0    0    0
윤영훈   14  1965/03/03  57  2004/03/02   4656   300  376  379   214   10   21   16
이상영   27  1966/02/14  56  2007/10/01   3481   317  309  319   201   26   19   18
이정표   18  1965/03/02  57  2004/03/02   4464   193  276  334   280   11   12   19
임금만   04  1964/03/10  58  2004/03/02   4825   515  545  501   257   17   17   27
임동창   32  1960/05/05  62  2010/07/14   2236   103  123  163   183   13   15   11
장세한   17  1963/06/12  59  2004/03/02   4907   323  362  439   216   14   13   21
조용배   12  1967/03/16  55  2004/03/02   5101   227  309  383   261    9   16   14
최기홍   20  1964/11/09  57  2004/03/02   4489   393  400  391   130   12   10    9
토마스   08  1982/03/05  40  2015/06/01   2114   277  269  220   369   31   31   33
하무선   28  1968/06/15  54  2007/10/01   2402   136  149  196   165   12   10   16
