-------------------------------------------------------------------------------------
조교사명 조  생년월일   나이 데뷔일자    총출전  1위  2위  3위 1년출전 1위  2위  3위 
-------------------------------------------------------------------------------------
강은석   22  1971/11/10  50  2018/05/17    898    78   73   94   215   21   19   26
강형곤   02  1966/02/07  56  2004/03/02   5749   455  522  548   500   36   39   43
구민성   10  1978/08/11  44  2021/07/01    285    22   25   26   250   20   25   25
구영준   06  1972/06/08  50  2014/09/01   1937   113  151  188   214   17   30   27
권승주   33  1964/01/09  58  2012/03/03   4170   414  428  410   424   50   48   40
김길중   24  1963/03/28  59  2004/05/01   3949   252  318  328   266   19   22   19
김병학   07  1960/03/15  62  2004/03/02   4054   263  303  336   237   20   27   22
김영관   19  1960/06/13  62  2004/03/02   6279  1396  864  707   319   56   47   42
김영민   11  1980/03/08  42  2020/04/10    277    28   40   22   165   17   19   16
라이스   31  1976/09/15  46  2013/11/29   2201   299  230  237   326   42   36   40
문현철   03  1980/11/20  41  2022/07/01     10     1    1    1    10    1    1    1
민장기   21  1966/09/09  56  2004/05/01   5156   546  546  498   290   33   23   29
박재호   13  1978/09/20  44  2021/09/29    116     5    9    6   114    5    9    5
방동석   26  1967/12/09  54  2007/10/01   3118   289  283  318   188   20   15   16
백광열   01  1964/11/24  57  2004/03/02   7217   886  798  811   436   47   54   41
손병직   23  1973/11/14  48  2019/08/07    266    21   13   16    94    8    3    8
안우성   15  1974/01/18  48  2014/06/01   2056   257  255  237   279   37   38   30
양귀선   09  1961/11/10  60  2004/03/02   5072   347  390  442   384   46   39   38
울즐리   30  1962/12/24  59  2007/12/20   3788   643  483  392   343   38   26   28
윤영훈   14  1965/03/03  57  2004/03/02   4661   301  376  380   214   11   21   17
이상영   27  1966/02/14  56  2007/10/01   3487   318  311  319   201   27   21   18
이정표   18  1965/03/02  57  2004/03/02   4472   193  277  335   278   11   12   20
임금만   04  1964/03/10  58  2004/03/02   4837   517  546  501   257   17   17   27
임동창   32  1960/05/05  62  2010/07/14   2242   103  123  163   181   13   13   11
장세한   17  1963/06/12  59  2004/03/02   4915   324  362  439   218   14   13   21
조용배   12  1967/03/16  55  2004/03/02   5109   227  310  383   258    9   17   14
최기홍   20  1964/11/09  57  2004/03/02   4499   393  401  391   132   12    9    9
토마스   08  1982/03/05  40  2015/06/01   2124   277  271  222   359   30   29   31
하무선   28  1968/06/15  54  2007/10/01   2412   136  150  198   173   12   11   18
