-------------------------------------------------------------------------------------
조교사명 조  생년월일   나이 데뷔일자    총출전  1위  2위  3위 1년출전 1위  2위  3위 
-------------------------------------------------------------------------------------
강은석   22  1971/11/10  50  2018/05/17    867    74   70   90   244   20   25   28
강형곤   02  1966/02/07  56  2004/03/02   5632   450  514  538   463   36   38   36
구민성   10  1978/08/11  44  2021/07/01    229    15   23   16   223   15   23   15
구영준   06  1972/06/08  50  2014/09/01   1895   108  146  184   225   13   28   29
권승주   33  1964/01/09  58  2012/03/03   4076   402  418  404   401   42   41   47
김길중   24  1963/03/28  59  2004/05/01   3896   247  314  324   263   14   19   17
김병학   07  1960/03/15  62  2004/03/02   4000   260  296  332   221   21   25   21
김영관   19  1960/06/13  62  2004/03/02   6216  1385  852  698   339   61   45   42
김영민   11  1980/03/08  42  2020/04/10    238    25   38   16   126   14   17   10
라이스   31  1976/09/15  45  2013/11/29   2137   290  226  225   329   42   39   35
문현철   03  1980/11/20  41  2022/07/01      0     0    0    0     0    0    0    0
민장기   21  1966/09/09  55  2004/05/01   5099   540  539  487   290   35   20   22
박재호   13  1978/09/20  43  2021/09/29     95     4    9    5    95    4    9    5
방동석   26  1967/12/09  54  2007/10/01   3084   287  281  318   203   24   19   20
백광열   01  1964/11/24  57  2004/03/02   7119   875  785  800   427   52   48   40
손병직   23  1973/11/14  48  2019/08/07    238    19   12   15    66    6    2    7
안우성   15  1974/01/18  48  2014/06/01   2008   251  247  232   282   32   39   26
양귀선   09  1961/11/10  60  2004/03/02   4992   339  378  438   373   42   33   44
울즐리   30  1962/12/24  59  2007/12/20   3717   633  476  388   337   35   29   27
유병복   05  1961/01/01  61  2004/03/02   4480   508  468  435    14    1    1    0
윤영훈   14  1965/03/03  57  2004/03/02   4628   297  373  379   211   10   19   17
이상영   27  1966/02/14  56  2007/10/01   3447   310  308  315   196   20   20   18
이정표   18  1965/03/02  57  2004/03/02   4410   190  273  330   246    9   10   16
임금만   04  1964/03/10  58  2004/03/02   4785   511  540  497   268   15   16   26
임동창   32  1960/05/05  62  2010/07/14   2206   103  119  162   182   15   11   12
장세한   17  1963/06/12  59  2004/03/02   4870   322  359  435   214   13   13   20
조용배   12  1967/03/16  55  2004/03/02   5057   227  309  380   253    9   17   15
최기홍   20  1964/11/09  57  2004/03/02   4468   390  398  389   128   12    8    9
토마스   08  1982/03/05  40  2015/06/01   2057   275  267  214   375   43   34   34
하무선   28  1968/06/15  54  2007/10/01   2368   134  148  193   136   11    9   13
