-------------------------------------------------------------------------------------
조교사명 조  생년월일   나이 데뷔일자    총출전  1위  2위  3위 1년출전 1위  2위  3위 
-------------------------------------------------------------------------------------
강은석   22  1971/11/10  51  2018/05/17    910    78   76   95   199   18   20   23
강형곤   02  1966/02/07  56  2004/03/02   5797   461  528  552   514   40   43   46
구민성   10  1978/08/11  44  2021/07/01    306    27   27   28   247   23   24   25
구영준   06  1972/06/08  50  2014/09/01   1953   113  151  189   211   16   27   28
권승주   33  1964/01/09  58  2012/03/03   4213   417  433  416   430   49   50   42
김길중   24  1963/03/28  59  2004/05/01   3962   252  319  330   257   18   23   19
김병학   07  1960/03/15  62  2004/03/02   4074   267  303  338   240   23   26   22
김영관   19  1960/06/13  62  2004/03/02   6304  1399  865  708   319   53   46   42
김영민   11  1980/03/08  42  2020/04/10    290    28   46   23   178   17   25   17
라이스   31  1976/09/15  46  2013/11/29   2226   303  232  237   322   44   36   36
문현철   03  1980/11/20  42  2022/07/01     17     2    1    2    17    2    1    2
민장기   21  1966/09/09  56  2004/05/01   5183   548  549  502   290   32   25   30
박재호   13  1978/09/20  44  2021/09/29    130     6    9    7   123    6    8    6
방동석   26  1967/12/09  54  2007/10/01   3131   291  283  318   185   20   14   16
백광열   01  1964/11/24  58  2004/03/02   7255   891  802  813   434   46   53   41
손병직   23  1973/11/14  49  2019/08/07    275    21   14   17   103    8    4    9
안우성   15  1974/01/18  48  2014/06/01   2076   259  260  239   269   34   40   30
양귀선   09  1961/11/10  61  2004/03/02   5114   353  392  444   397   47   41   34
울즐리   30  1962/12/24  59  2007/12/20   3819   643  484  394   341   36   24   28
윤영훈   14  1965/03/03  57  2004/03/02   4680   302  378  382   207   12   20   16
이상영   27  1966/02/14  56  2007/10/01   3504   320  312  320   202   27   18   18
이정표   18  1965/03/02  57  2004/03/02   4498   195  281  336   284   12   15   21
임금만   04  1964/03/10  58  2004/03/02   4867   519  550  508   262   18   20   31
임동창   32  1960/05/05  62  2010/07/14   2259   105  123  165   178   12   11   12
장세한   17  1963/06/12  59  2004/03/02   4940   327  365  440   225   17   16   20
조용배   12  1967/03/16  55  2004/03/02   5131   227  311  385   256    9   16   16
최기홍   20  1964/11/09  58  2004/03/02   4510   394  401  392   135   11    9   10
토마스   08  1982/03/05  40  2015/06/01   2152   279  272  225   353   32   23   30
하무선   28  1968/06/15  54  2007/10/01   2433   136  151  203   189   11   12   22
