-------------------------------------------------------------------------------------
조교사명 조  생년월일   나이 데뷔일자    총출전  1위  2위  3위 1년출전 1위  2위  3위 
-------------------------------------------------------------------------------------
강성오   09  1966/08/20  56  2018/07/01    670    78   79   58   229   24   29   23
강환민   31  1970/05/26  52  2017/07/01   1004   123  114  113   244   20   25   29
곽영효   19  1961/09/24  61  1997/05/28   4801   496  472  422   215   19   30   23
구자흥   07  1963/08/07  59  2010/04/05   2039   155  203  203   125    6    6    9
김동균   52  1975/08/24  47  2012/07/01   2859   289  253  268   353   32   36   37
김동철   53  1974/11/28  47  2016/03/16   1526    86  131  128   230   12   16   14
김윤섭   32  1968/09/20  54  1998/07/02   5080   325  411  427   160    9   10    8
리카디   34  1968/03/02  54  2017/11/26    694    92   96   77   222   39   34   20
문병기   21  1968/08/07  54  2022/07/01     39     4    6    2    39    4    6    2
박병일   27  1964/04/26  58  2011/07/15   1988   171  197  184   219   18   24   22
박윤규   04  1966/09/26  55  2004/07/01   4195   331  368  383   210   22   24   16
박재우   50  1970/01/02  52  2011/01/26   3384   455  372  329   391   39   44   33
박종곤   01  1962/08/26  60  1997/09/04   4786   510  448  459   269   49   30   24
박천서   54  1963/06/08  59  2003/03/05   4501   428  418  430   199   16   13   23
박희철   15  1961/06/26  61  2002/07/01   5167   385  437  452   138    9    4   10
배대선   20  1960/04/02  62  1995/06/26   7864   870  834  822   175   21   17   15
배휴준   29  1966/09/25  56  2005/07/01   4611   320  376  393   199    8   13   10
서범석   12  1964/07/26  58  1999/07/01   5039   445  458  453   228   13   17   15
서인석   33  1968/11/20  53  2010/12/09   4771   438  476  456   466   45   44   46
서홍수   24  1964/01/04  58  2008/09/24   2465   221  223  238   276   38   29   39
손영표   02  1966/11/14  55  2006/07/27   3002   233  232  204   179    5   13    8
송문길   40  1971/03/22  51  2013/07/01   2408   351  283  252   314   43   33   35
신삼영   41  1963/11/06  58  2010/07/01   2296   210  200  206   177   11    9   17
심승태   37  1978/02/14  44  2012/05/04   2353   178  213  203   158    9    7   10
안병기   22  1966/01/20  56  2008/07/01   4134   420  381  383   370   30   31   26
안해양   26  1961/07/24  61  1999/08/26   4426   395  358  375   216   22   25   19
우창구   05  1963/04/28  59  2008/07/01   3266   327  283  284   195   19   17   22
유재길   23  1961/07/16  61  2000/04/07   5739   415  443  489   179    9   12   13
이관호   42  1966/08/21  56  2013/11/01   2522   268  226  271   418   33   31   56
이신영   14  1980/04/12  42  2011/07/01   2635   345  219  253   233   25   12   22
이준철   48  1980/02/23  42  2021/07/01    176    31   25   23   150   25   20   21
이희영   13  1960/08/16  62  1986/12/04   8466   674  742  756   162   18   21   18
임채덕   35  1970/07/09  52  2020/07/01    306     7   15   20   178    6   11   15
전승규   25  1963/10/04  58  2017/04/26    886   133  109   94   220   20   23   27
정호익   10  1965/03/08  57  2006/03/04   5179   528  546  533   367   33   39   36
조현수   11  1970/04/25  52  2018/07/01    921    39   60   75   239   10   15   16
최봉주   16  1962/11/19  59  2007/03/08   2981   219  226  239   212   14   16   16
최상식   28  1960/02/25  62  1993/07/13   6305   481  515  544   194   14   13   19
최영주   03  1966/09/03  56  1997/11/19   4966   366  381  364   134   11    4    9
최용건   51  1967/08/09  55  2020/07/01    443    45   30   38   255   29   16   18
최용구   08  1965/10/08  56  2012/07/01   1803   206  191  167   164   15   20   17
토니     30  1974/04/10  48  2019/09/01    437    36   48   48   186   14   18   16
홍대유   06  1963/01/15  59  2006/07/01   4086   353  354  351   356   35   37   21
