-------------------------------------------------------------------------------------
조교사명 조  생년월일   나이 데뷔일자    총출전  1위  2위  3위 1년출전 1위  2위  3위 
-------------------------------------------------------------------------------------
강은석   22  1971/11/10  50  2018/05/17    861    73   69   90   254   20   27   28
강형곤   02  1966/02/07  56  2004/03/02   5603   448  513  535   460   34   39   38
구민성   10  1978/08/11  43  2021/07/01    218    15   23   15   217   15   23   15
구영준   06  1972/06/08  50  2014/09/01   1886   108  144  182   240   14   26   28
권승주   33  1964/01/09  58  2012/03/03   4056   399  413  401   414   43   39   46
김길중   24  1963/03/28  59  2004/05/01   3882   247  311  324   265   15   17   17
김병학   07  1960/03/15  62  2004/03/02   3989   258  295  332   223   19   26   22
김영관   19  1960/06/13  62  2004/03/02   6199  1380  850  695   350   60   46   43
김영민   11  1980/03/08  42  2020/04/10    225    23   37   14   113   12   16    8
라이스   31  1976/09/15  45  2013/11/29   2121   285  224  223   335   43   37   35
문현철   03  1980/11/20  41  2022/07/01      0     0    0    0     0    0    0    0
민장기   21  1966/09/09  55  2004/05/01   5086   539  538  486   298   34   24   23
박재호   13  1978/09/20  43  2021/09/29     88     4    7    5    88    4    7    5
방동석   26  1967/12/09  54  2007/10/01   3075   286  281  318   212   25   19   21
백광열   01  1964/11/24  57  2004/03/02   7098   874  783  799   442   54   48   46
손병직   23  1973/11/14  48  2019/08/07    228    19   12   15    56    6    2    7
안우성   15  1974/01/18  48  2014/06/01   1997   250  245  231   294   32   39   25
양귀선   09  1961/11/10  60  2004/03/02   4967   333  373  436   371   39   28   44
울즐리   30  1962/12/24  59  2007/12/20   3702   631  476  387   342   34   34   27
유병복   05  1961/01/01  61  2004/03/02   4480   508  468  435    29    3    1    1
윤영훈   14  1965/03/03  57  2004/03/02   4617   297  372  377   208   11   19   15
이상영   27  1966/02/14  56  2007/10/01   3439   310  308  313   198   21   20   16
이정표   18  1965/03/02  57  2004/03/02   4390   190  272  326   243    9    9   12
임금만   04  1964/03/10  58  2004/03/02   4771   511  538  495   274   18   15   24
임동창   32  1960/05/05  62  2010/07/14   2197   102  119  162   187   14   11   14
장세한   17  1963/06/12  59  2004/03/02   4865   322  359  434   222   13   14   21
조용배   12  1967/03/16  55  2004/03/02   5046   227  309  380   261    9   19   17
최기홍   20  1964/11/09  57  2004/03/02   4457   390  396  389   126   14    7   11
토마스   08  1982/03/05  40  2015/06/01   2036   273  267  211   379   45   37   33
하무선   28  1968/06/15  54  2007/10/01   2358   132  147  192   130    9    9   13
