-------------------------------------------------------------------------------------
조교사명 조  생년월일   나이 데뷔일자    총출전  1위  2위  3위 1년출전 1위  2위  3위 
-------------------------------------------------------------------------------------
강성오   09  1966/08/20  56  2018/07/01    722    85   83   62   251   29   29   23
강환민   31  1970/05/26  52  2017/07/01   1060   127  123  119   271   22   30   34
곽영효   19  1961/09/24  61  1997/05/28   4849   505  480  424   237   27   31   23
구자흥   07  1963/08/07  59  2010/04/05   2068   157  209  204   136    7   10   10
김동균   52  1975/08/24  47  2012/07/01   2916   293  257  273   350   28   37   41
김동철   53  1974/11/28  47  2016/03/16   1584    91  134  133   256   15   18   17
김윤섭   32  1968/09/20  54  1998/07/02   5113   326  412  429   170    8    8    7
리카디   34  1968/03/02  54  2017/11/26    736    95  100   83   228   40   33   22
문병기   21  1968/08/07  54  2022/07/01     75     9    8    7    75    9    8    7
박병일   27  1964/04/26  58  2011/07/15   2024   175  200  189   221   19   24   27
박윤규   04  1966/09/26  56  2004/07/01   4253   334  372  392   239   22   25   23
박재우   50  1970/01/02  52  2011/01/26   3456   460  384  335   395   37   47   33
박종곤   01  1962/08/26  60  1997/09/04   4839   516  451  466   276   47   27   26
박천서   54  1963/06/08  59  2003/03/05   4538   431  422  432   204   18   13   19
박희철   15  1961/06/26  61  2002/07/01   5202   388  441  453   150   11    8   10
배대선   20  1960/04/02  62  1995/06/26   7920   872  841  827   194   19   21   19
배휴준   29  1966/09/25  56  2005/07/01   4651   320  380  395   210    6   15   10
서범석   12  1964/07/26  58  1999/07/01   5079   446  461  457   234   13   18   16
서인석   33  1968/11/20  54  2010/12/09   4857   446  480  472   465   47   39   53
서홍수   24  1964/01/04  58  2008/09/24   2528   234  229  242   298   40   30   38
손영표   02  1966/11/14  56  2006/07/27   3029   234  234  207   180    5   14    9
송문길   40  1971/03/22  51  2013/07/01   2472   352  292  260   324   39   33   38
신삼영   41  1963/11/06  59  2010/07/01   2326   216  204  206   173   17   11   12
심승태   37  1978/02/14  44  2012/05/04   2395   180  216  207   180   10   10   13
안병기   22  1966/01/20  56  2008/07/01   4207   425  386  384   378   30   35   22
안해양   26  1961/07/24  61  1999/08/26   4483   403  366  382   237   26   27   22
우창구   05  1963/04/28  59  2008/07/01   3301   332  286  287   191   18   18   21
유재길   23  1961/07/16  61  2000/04/07   5775   418  445  492   187    9   14   15
이관호   42  1966/08/21  56  2013/11/01   2603   274  228  279   432   32   29   56
이신영   14  1980/04/12  42  2011/07/01   2670   347  225  255   228   25   16   17
이준철   48  1980/02/23  42  2021/07/01    208    39   30   23   155   28   22   15
이희영   13  1960/08/16  62  1986/12/04   8494   679  743  761   167   22   17   21
임채덕   35  1970/07/09  52  2020/07/01    353     8   18   23   196    5   12   17
전승규   25  1963/10/04  59  2017/04/26    936   142  113  100   232   27   23   28
정호익   10  1965/03/08  57  2006/03/04   5248   537  554  539   380   37   43   39
조현수   11  1970/04/25  52  2018/07/01    957    39   62   76   245   10   16   16
최봉주   16  1962/11/19  60  2007/03/08   3027   221  232  242   223   15   19   17
최상식   28  1960/02/25  62  1993/07/13   6335   486  517  550   192   18   13   20
최영주   03  1966/09/03  56  1997/11/19   5007   370  386  365   156   15    9    7
최용건   51  1967/08/09  55  2020/07/01    501    51   36   42   277   31   22   20
최용구   08  1965/10/08  57  2012/07/01   1829   209  194  168   161   16   20   14
토니     30  1974/04/10  48  2019/09/01    476    42   50   52   197   17   17   18
홍대유   06  1963/01/15  59  2006/07/01   4157   359  359  361   377   35   35   27
