-------------------------------------------------------------------------------------
조교사명 조  생년월일   나이 데뷔일자    총출전  1위  2위  3위 1년출전 1위  2위  3위 
-------------------------------------------------------------------------------------
강은석   22  1971/11/10  50  2018/05/17    831    69   67   86   286   21   28   30
강형곤   02  1966/02/07  56  2004/03/02   5498   435  507  522   441   28   45   30
구민성   10  1978/08/11  43  2021/07/01    175    11   17   12   175   11   17   12
구영준   06  1972/06/08  49  2014/09/01   1841   105  136  174   241   12   19   24
권승주   33  1964/01/09  58  2012/03/03   3971   388  404  393   399   44   34   45
김길중   24  1963/03/28  59  2004/05/01   3832   244  307  320   250   17   18   15
김병학   07  1960/03/15  62  2004/03/02   3941   254  291  326   212   17   24   20
김영관   19  1960/06/13  61  2004/03/02   6138  1372  843  685   359   67   44   43
김영민   11  1980/03/08  42  2020/04/10    195    19   35   11    83    8   14    5
김재섭   16  1963/09/23  58  2004/03/02   5134   560  471  469   244   19   20   25
라이스   31  1976/09/15  45  2013/11/29   2050   274  212  215   328   49   32   32
민장기   21  1966/09/09  55  2004/05/01   5025   535  532  481   293   37   22   25
박재호   13  1978/09/20  43  2021/09/29     58     4    6    3    58    4    6    3
방동석   26  1967/12/09  54  2007/10/01   3046   283  279  314   222   25   23   18
백광열   01  1964/11/24  57  2004/03/02   7025   865  775  789   448   51   52   44
손병직   23  1973/11/14  48  2019/08/07    201    16   11   13    29    3    1    5
안우성   15  1974/01/18  48  2014/06/01   1952   243  239  225   305   26   39   28
양귀선   09  1961/11/10  60  2004/03/02   4889   326  359  427   366   35   20   39
울즐리   30  1962/12/24  59  2007/12/20   3639   622  470  384   341   33   38   35
유병복   05  1961/01/01  61  2004/03/02   4480   508  468  435    64    4    3    3
윤영훈   14  1965/03/03  57  2004/03/02   4576   297  366  374   204   13   15   17
이상영   27  1966/02/14  56  2007/10/01   3393   301  304  310   175   13   16   15
이정표   18  1965/03/02  57  2004/03/02   4336   188  270  320   238    7    8    6
임금만   04  1964/03/10  58  2004/03/02   4712   507  533  490   270   18   19   23
임동창   32  1960/05/05  62  2010/07/14   2166   101  116  158   192   14    9   12
장세한   17  1963/06/12  58  2004/03/02   4814   318  356  430   215   11   13   19
조용배   12  1967/03/16  55  2004/03/02   4993   224  304  378   259    9   14   17
최기홍   20  1964/11/09  57  2004/03/02   4436   387  393  387   134   12    5   10
토마스   08  1982/03/05  40  2015/06/01   1972   265  261  205   390   42   40   36
하무선   28  1968/06/15  53  2007/10/01   2316   126  144  188    97    3    6    9
