-------------------------------------------------------------------------------------
조교사명 조  생년월일   나이 데뷔일자    총출전  1위  2위  3위 1년출전 1위  2위  3위 
-------------------------------------------------------------------------------------
강은석   22  1971/11/10  50  2018/05/17    741    62   57   75   287   19   24   22
강형곤   02  1966/02/07  55  2004/03/02   5333   421  490  509   394   27   39   26
구민성   10  1978/08/11  43  2021/07/01     89     5    5    5    89    5    5    5
구영준   06  1972/06/08  49  2014/09/01   1777   103  129  166   245   12   14   21
권승주   33  1964/01/09  58  2012/03/03   3823   372  387  377   348   39   28   33
김길중   24  1963/03/28  58  2004/05/01   3740   235  298  315   252   13   11   15
김병학   07  1960/03/15  61  2004/03/02   3862   248  281  319   194   16   19   17
김영관   19  1960/06/13  61  2004/03/02   6026  1352  828  670   343   64   35   40
김영민   11  1980/03/08  41  2020/04/10    129    14   23    6    25    4    3    0
김재섭   16  1963/09/23  58  2004/03/02   5074   556  469  462   251   18   23   24
라이스   31  1976/09/15  45  2013/11/29   1937   262  199  202   301   46   28   28
민장기   21  1966/09/09  55  2004/05/01   4928   521  527  473   294   37   31   25
박재호   13  1978/09/20  43  2021/09/29     15     0    2    2    15    0    2    2
방동석   26  1967/12/09  54  2007/10/01   2973   275  270  305   218   26   20   12
백광열   01  1964/11/24  57  2004/03/02   6867   849  757  777   424   54   45   50
손병직   23  1973/11/14  48  2019/08/07    173    13   10    8     6    2    0    0
안우성   15  1974/01/18  47  2014/06/01   1844   229  222  212   292   22   31   25
양귀선   09  1961/11/10  60  2004/03/02   4764   311  352  415   346   29   27   38
울즐리   30  1962/12/24  59  2007/12/20   3521   609  463  373   305   31   43   34
유병복   05  1961/01/01  61  2004/03/02   4480   508  468  435   127    5    5    9
윤영훈   14  1965/03/03  56  2004/03/02   4497   294  360  369   187   13   13   13
이상영   27  1966/02/14  55  2007/10/01   3332   296  297  306   181    8   12   15
이정표   18  1965/03/02  56  2004/03/02   4244   184  268  316   213    3    7    2
임금만   04  1964/03/10  57  2004/03/02   4635   501  531  481   279   19   26   24
임동창   32  1960/05/05  61  2010/07/14   2106    95  113  154   192   11    9   11
장세한   17  1963/06/12  58  2004/03/02   4737   310  353  424   213    3   11   17
조용배   12  1967/03/16  54  2004/03/02   4904   221  299  369   253    6   12   12
최기홍   20  1964/11/09  57  2004/03/02   4388   383  392  383   128   10    8    9
토마스   08  1982/03/05  39  2015/06/01   1848   253  252  198   359   39   41   38
하무선   28  1968/06/15  53  2007/10/01   2260   126  140  183    65    3    3    4
