-------------------------------------------------------------------------------------
조교사명 조  생년월일   나이 데뷔일자    총출전  1위  2위  3위 1년출전 1위  2위  3위 
-------------------------------------------------------------------------------------
강성오   09  1966/08/20  55  2018/07/01    539    63   60   46   222   24   24   23
강환민   31  1970/05/26  51  2017/07/01    868   111  102   94   232   22   26   22
곽영효   19  1961/09/24  60  1997/05/28   4670   480  455  409   162   10   18   13
구자흥   07  1963/08/07  58  2010/04/05   1966   152  200  196   132   10    6    5
김동균   52  1975/08/24  46  2012/07/01   2684   274  234  250   342   42   37   40
김동철   53  1974/11/28  47  2016/03/16   1401    81  120  119   246   17   15   16
김윤섭   32  1968/09/20  53  1998/07/02   4989   322  406  422   150    8    7    9
김점오   17  1959/05/20  62  1987/07/10   8678   790  797  751   109    7    6    9
리카디   34  1968/03/02  54  2017/11/26    573    64   76   69   196   22   28   26
박대흥   18  1958/08/07  63  1997/05/28   7041  1006  801  676   318   36   28   26
박병일   27  1964/04/26  57  2011/07/15   1875   163  185  167   219   23   25   12
박윤규   04  1966/09/26  55  2004/07/01   4078   317  354  377   187   19   18   17
박재우   50  1970/01/02  52  2011/01/26   3185   432  347  313   400   45   47   39
박종곤   01  1962/08/26  59  1997/09/04   4649   485  429  448   262   48   26   32
박천서   54  1963/06/08  58  2003/03/05   4402   418  412  418   200   11   10   16
박희철   15  1961/06/26  60  2002/07/01   5085   381  433  443   130    9    5    9
배대선   20  1960/04/02  61  1995/06/26   7768   859  822  813   221   18   11   20
배휴준   29  1966/09/25  55  2005/07/01   4509   316  370  387   211    6   14   10
서범석   12  1964/07/26  57  1999/07/01   4926   437  451  446   247   11   24   16
서인석   33  1968/11/20  53  2010/12/09   4535   413  454  432   473   46   45   38
서정하   43  1958/12/22  63  2004/09/01   2835   162  218  218    88    1    2    6
서홍수   24  1964/01/04  58  2008/09/24   2309   202  206  218   268   29   26   35
손영표   02  1966/11/14  55  2006/07/27   2911   230  223  199   181    8   12    8
송문길   40  1971/03/22  50  2013/07/01   2255   327  268  234   353   43   37   33
신삼영   41  1963/11/06  58  2010/07/01   2214   204  195  200   188    9   16   16
심승태   37  1978/02/14  44  2012/05/04   2261   172  207  195   127    5    2    4
안병기   22  1966/01/20  56  2008/07/01   3953   406  360  372   391   29   25   33
안해양   26  1961/07/24  60  1999/08/26   4308   383  346  363   222   15   24   17
우창구   05  1963/04/28  58  2008/07/01   3168   321  274  273   214   32   19   22
유재길   23  1961/07/16  60  2000/04/07   5644   410  434  482   174    6    8   11
이관호   42  1966/08/21  55  2013/11/01   2294   248  206  238   402   36   28   38
이신영   14  1980/04/12  41  2011/07/01   2519   328  215  243   249   19   16   21
이준철   48  1980/02/23  42  2021/07/01    101    18   13   13   101   18   13   13
이희영   13  1960/08/16  61  1986/12/04   8387   664  732  749   170   11   18   15
임봉춘   21  1959/04/14  62  2002/08/22   5206   418  449  516   351   26   41   29
임채덕   35  1970/07/09  51  2020/07/01    204     4    8   12   135    4    8   10
전승규   25  1963/10/04  58  2017/04/26    776   124  100   79   211   25   22   21
정호익   10  1965/03/08  57  2006/03/04   4983   515  524  506   347   35   36   27
조현수   11  1970/04/25  51  2018/07/01    785    31   52   65   248    7   12   18
지용철   49  1959/06/27  62  1986/11/20  12395   926 1075 1114   374   20   23   27
최봉주   16  1962/11/19  59  2007/03/08   2865   208  217  228   266    9   15   17
최상식   28  1960/02/25  62  1993/07/13   6205   470  507  535   190   10   15   18
최영주   03  1966/09/03  55  1997/11/19   4895   361  377  360   131    8    4   11
최용건   51  1967/08/09  54  2020/07/01    306    30   19   24   239   24   10   18
최용구   08  1965/10/08  56  2012/07/01   1722   198  178  157   177   13   13   15
토니     30  1974/04/10  47  2019/09/01    335    25   36   35   176   10   17   16
홍대유   06  1963/01/15  59  2006/07/01   3893   333  339  338   350   32   41   25
