-------------------------------------------------------------------------------------
조교사명 조  생년월일   나이 데뷔일자    총출전  1위  2위  3위 1년출전 1위  2위  3위 
-------------------------------------------------------------------------------------
강성오   09  1966/08/20  56  2018/07/01    682    79   80   59   239   25   29   24
강환민   31  1970/05/26  52  2017/07/01   1015   123  114  116   254   19   25   32
곽영효   19  1961/09/24  61  1997/05/28   4812   498  474  422   224   21   32   23
구자흥   07  1963/08/07  59  2010/04/05   2047   155  205  203   132    5    8    9
김동균   52  1975/08/24  47  2012/07/01   2872   291  254  268   358   33   37   37
김동철   53  1974/11/28  47  2016/03/16   1542    87  131  128   242   13   16   14
김윤섭   32  1968/09/20  54  1998/07/02   5090   325  411  428   169    9   10    8
리카디   34  1968/03/02  54  2017/11/26    703    93   98   78   228   40   34   21
문병기   21  1968/08/07  54  2022/07/01     48     5    8    4    48    5    8    4
박병일   27  1964/04/26  58  2011/07/15   1994   171  197  185   222   18   24   23
박윤규   04  1966/09/26  56  2004/07/01   4206   331  368  383   217   22   24   15
박재우   50  1970/01/02  52  2011/01/26   3402   457  376  331   402   39   48   35
박종곤   01  1962/08/26  60  1997/09/04   4798   510  449  460   272   49   30   23
박천서   54  1963/06/08  59  2003/03/05   4506   429  420  430   200   17   15   21
박희철   15  1961/06/26  61  2002/07/01   5174   386  437  453   141   10    4   11
배대선   20  1960/04/02  62  1995/06/26   7873   871  838  822   178   22   20   15
배휴준   29  1966/09/25  56  2005/07/01   4615   320  378  393   199    8   14   10
서범석   12  1964/07/26  58  1999/07/01   5051   445  459  455   236   13   18   15
서인석   33  1968/11/20  53  2010/12/09   4788   440  477  459   470   47   44   48
서홍수   24  1964/01/04  58  2008/09/24   2478   224  224  238   283   41   28   39
손영표   02  1966/11/14  55  2006/07/27   3008   233  232  205   184    5   13    9
송문길   40  1971/03/22  51  2013/07/01   2424   351  287  254   322   42   36   36
신삼영   41  1963/11/06  58  2010/07/01   2301   212  200  206   177   13    8   16
심승태   37  1978/02/14  44  2012/05/04   2363   179  213  204   167   10    7   11
안병기   22  1966/01/20  56  2008/07/01   4152   420  382  383   382   30   32   26
안해양   26  1961/07/24  61  1999/08/26   4441   396  361  378   228   22   28   22
우창구   05  1963/04/28  59  2008/07/01   3275   327  283  286   199   18   16   24
유재길   23  1961/07/16  61  2000/04/07   5746   415  443  490   184    9   12   14
이관호   42  1966/08/21  56  2013/11/01   2541   269  226  272   427   34   31   56
이신영   14  1980/04/12  42  2011/07/01   2641   345  220  253   236   25   12   21
이준철   48  1980/02/23  42  2021/07/01    182    33   26   23   153   26   20   20
이희영   13  1960/08/16  62  1986/12/04   8474   675  742  758   168   19   21   20
임채덕   35  1970/07/09  52  2020/07/01    314     7   15   21   183    5   11   16
전승규   25  1963/10/04  59  2017/04/26    896   137  110   94   226   24   24   27
정호익   10  1965/03/08  57  2006/03/04   5194   530  547  535   375   34   38   38
조현수   11  1970/04/25  52  2018/07/01    932    39   61   75   246   10   16   16
최봉주   16  1962/11/19  59  2007/03/08   2986   219  226  239   211   14   16   16
최상식   28  1960/02/25  62  1993/07/13   6311   484  516  545   197   17   14   20
최영주   03  1966/09/03  56  1997/11/19   4977   369  383  365   144   14    6   10
최용건   51  1967/08/09  55  2020/07/01    457    45   31   38   266   28   17   18
최용구   08  1965/10/08  57  2012/07/01   1809   208  191  167   166   17   20   17
토니     30  1974/04/10  48  2019/09/01    447    38   49   49   193   14   19   17
홍대유   06  1963/01/15  59  2006/07/01   4097   353  354  354   361   35   36   23
