-------------------------------------------------------------------------------------
조교사명 조  생년월일   나이 데뷔일자    총출전  1위  2위  3위 1년출전 1위  2위  3위 
-------------------------------------------------------------------------------------
강성오   09  1966/08/20  55  2018/07/01    610    73   71   53   234   27   27   25
강환민   31  1970/05/26  52  2017/07/01    938   122  108  106   239   25   23   29
곽영효   19  1961/09/24  60  1997/05/28   4734   489  463  416   187   15   25   20
구자흥   07  1963/08/07  58  2010/04/05   2003   153  200  199   125    9    4    7
김동균   52  1975/08/24  46  2012/07/01   2776   286  246  260   353   42   35   38
김동철   53  1974/11/28  47  2016/03/16   1463    83  125  122   241   16   16   13
김윤섭   32  1968/09/20  53  1998/07/02   5031   323  407  426   151    8    6   10
김점오   17  1959/05/20  63  1987/07/10   8691   792  799  751    86    8    7    6
리카디   34  1968/03/02  54  2017/11/26    634    79   88   71   209   31   33   21
박대흥   18  1958/08/07  63  1997/05/28   7118  1015  810  684   306   37   32   26
박병일   27  1964/04/26  58  2011/07/15   1939   167  193  180   219   21   27   22
박윤규   04  1966/09/26  55  2004/07/01   4129   324  363  379   188   21   22   16
박재우   50  1970/01/02  52  2011/01/26   3281   440  362  321   386   36   46   37
박종곤   01  1962/08/26  59  1997/09/04   4720   495  436  451   264   42   24   25
박천서   54  1963/06/08  59  2003/03/05   4456   421  415  423   200   12   12   18
박희철   15  1961/06/26  60  2002/07/01   5125   384  437  445   137   11    9    7
배대선   20  1960/04/02  62  1995/06/26   7819   863  826  816   192   19   13   17
배휴준   29  1966/09/25  55  2005/07/01   4561   317  373  389   193    6   11    9
서범석   12  1964/07/26  57  1999/07/01   4983   441  453  451   229   12   18   16
서인석   33  1968/11/20  53  2010/12/09   4658   421  460  442   471   46   38   40
서정하   43  1958/12/22  63  2004/09/01   2850   162  219  219    74    0    2    7
서홍수   24  1964/01/04  58  2008/09/24   2377   208  215  226   262   31   29   38
손영표   02  1966/11/14  55  2006/07/27   2957   232  228  200   183    8   15    4
송문길   40  1971/03/22  51  2013/07/01   2344   341  276  245   334   40   35   37
신삼영   41  1963/11/06  58  2010/07/01   2260   207  199  203   183   10   14   17
심승태   37  1978/02/14  44  2012/05/04   2302   175  209  200   133    8    4    7
안병기   22  1966/01/20  56  2008/07/01   4054   415  371  376   394   32   29   31
안해양   26  1961/07/24  60  1999/08/26   4361   386  353  369   216   15   28   22
우창구   05  1963/04/28  59  2008/07/01   3219   324  275  279   207   27   16   21
유재길   23  1961/07/16  60  2000/04/07   5684   411  441  485   173    5   13   11
이관호   42  1966/08/21  55  2013/11/01   2424   263  216  260   422   38   35   53
이신영   14  1980/04/12  42  2011/07/01   2587   338  217  250   247   23   15   24
이준철   48  1980/02/23  42  2021/07/01    144    24   20   20   144   24   20   20
이희영   13  1960/08/16  61  1986/12/04   8424   669  736  751   158   15   17   16
임봉춘   21  1959/04/14  63  2002/08/22   5297   424  458  527   341   22   40   31
임채덕   35  1970/07/09  51  2020/07/01    253     7   10   15   160    7    8   12
전승규   25  1963/10/04  58  2017/04/26    844   132  106   88   225   26   23   24
정호익   10  1965/03/08  57  2006/03/04   5092   524  536  517   360   37   37   28
조현수   11  1970/04/25  52  2018/07/01    854    37   56   72   236   10   13   20
지용철   49  1959/06/27  62  1986/11/20  12500   931 1084 1120   373   20   25   24
최봉주   16  1962/11/19  59  2007/03/08   2927   214  220  233   231   12   15   13
최상식   28  1960/02/25  62  1993/07/13   6258   476  512  541   192   11   15   18
최영주   03  1966/09/03  55  1997/11/19   4934   362  378  363   126    8    3   10
최용건   51  1967/08/09  54  2020/07/01    365    34   24   29   241   23   14   17
최용구   08  1965/10/08  56  2012/07/01   1766   204  182  160   175   15   15   15
토니     30  1974/04/10  48  2019/09/01    396    29   44   42   191   12   19   16
홍대유   06  1963/01/15  59  2006/07/01   3992   340  349  346   352   34   41   26
