-------------------------------------------------------------------------------------
조교사명 조  생년월일   나이 데뷔일자    총출전  1위  2위  3위 1년출전 1위  2위  3위 
-------------------------------------------------------------------------------------
강성오   09  1966/08/20  56  2018/07/01    650    76   77   57   228   26   27   24
강환민   31  1970/05/26  52  2017/07/01    976   122  113  109   241   21   25   27
곽영효   19  1961/09/24  60  1997/05/28   4775   493  468  419   200   18   26   20
구자흥   07  1963/08/07  59  2010/04/05   2029   155  203  201   129    7    7    8
김동균   52  1975/08/24  46  2012/07/01   2833   288  250  266   359   37   37   37
김동철   53  1974/11/28  47  2016/03/16   1504    85  130  125   237   14   18   11
김윤섭   32  1968/09/20  53  1998/07/02   5064   325  410  426   155    9    9    9
리카디   34  1968/03/02  54  2017/11/26    675    86   96   74   223   36   37   23
문병기   21  1968/08/07  54  2022/07/01     27     3    4    0    27    3    4    0
박병일   27  1964/04/26  58  2011/07/15   1974   171  195  183   229   21   24   21
박윤규   04  1966/09/26  55  2004/07/01   4170   327  367  381   202   19   26   18
박재우   50  1970/01/02  52  2011/01/26   3352   446  370  327   392   35   47   34
박종곤   01  1962/08/26  59  1997/09/04   4760   505  443  457   270   48   26   27
박천서   54  1963/06/08  59  2003/03/05   4484   428  417  426   202   17   13   21
박희철   15  1961/06/26  61  2002/07/01   5156   385  437  451   142   11    6    9
배대선   20  1960/04/02  62  1995/06/26   7848   867  831  821   182   20   15   16
배휴준   29  1966/09/25  55  2005/07/01   4591   320  375  392   193    8   12    9
서범석   12  1964/07/26  58  1999/07/01   5023   444  458  452   235   13   21   14
서인석   33  1968/11/20  53  2010/12/09   4730   432  468  454   467   42   37   48
서홍수   24  1964/01/04  58  2008/09/24   2431   217  220  237   273   36   28   42
손영표   02  1966/11/14  55  2006/07/27   2986   233  230  203   182    7   14    7
송문길   40  1971/03/22  51  2013/07/01   2388   349  279  249   328   45   31   35
신삼영   41  1963/11/06  58  2010/07/01   2283   209  200  204   178   11   11   17
심승태   37  1978/02/14  44  2012/05/04   2335   177  213  203   151    9    7   10
안병기   22  1966/01/20  56  2008/07/01   4108   418  379  382   386   30   32   31
안해양   26  1961/07/24  61  1999/08/26   4404   391  357  373   216   19   28   20
우창구   05  1963/04/28  59  2008/07/01   3249   325  282  282   198   22   17   22
유재길   23  1961/07/16  61  2000/04/07   5722   414  443  487   180    8   13   12
이관호   42  1966/08/21  56  2013/11/01   2487   268  225  267   419   34   34   56
이신영   14  1980/04/12  42  2011/07/01   2615   343  218  252   232   25   13   21
이준철   48  1980/02/23  42  2021/07/01    164    27   24   22   151   24   22   20
이희영   13  1960/08/16  62  1986/12/04   8453   673  741  755   165   18   20   17
임채덕   35  1970/07/09  52  2020/07/01    286     7   12   18   174    7    9   15
전승규   25  1963/10/04  58  2017/04/26    872   133  108   92   225   22   24   26
정호익   10  1965/03/08  57  2006/03/04   5148   527  543  527   368   33   39   33
제인     90  1966/10/21  55  2022/08/18      0     0    0    0     0    0    0    0
조현수   11  1970/04/25  52  2018/07/01    898    38   59   74   241   10   15   19
최봉주   16  1962/11/19  59  2007/03/08   2960   215  223  238   218   13   15   15
최상식   28  1960/02/25  62  1993/07/13   6286   480  513  543   188   14   13   20
최영주   03  1966/09/03  55  1997/11/19   4956   366  381  363   133   12    4    9
최용건   51  1967/08/09  55  2020/07/01    411    44   28   34   244   30   14   16
최용구   08  1965/10/08  56  2012/07/01   1789   205  186  165   166   15   17   17
토니     30  1974/04/10  48  2019/09/01    424    33   46   46   195   11   20   15
홍대유   06  1963/01/15  59  2006/07/01   4046   351  349  351   351   38   35   23
