-------------------------------------------------------------------------------------
조교사명 조  생년월일   나이 데뷔일자    총출전  1위  2위  3위 1년출전 1위  2위  3위 
-------------------------------------------------------------------------------------
강성오   09  1966/08/20  55  2018/07/01    519    59   58   45   213   20   23   22
강환민   31  1970/05/26  51  2017/07/01    839   109  100   91   218   21   26   22
곽영효   19  1961/09/24  60  1997/05/28   4656   479  452  406   155    9   15   11
구자흥   07  1963/08/07  58  2010/04/05   1959   152  200  195   135   10    6    4
김동균   52  1975/08/24  46  2012/07/01   2651   271  233  244   324   42   38   34
김동철   53  1974/11/28  47  2016/03/16   1381    79  119  118   240   15   15   15
김윤섭   32  1968/09/20  53  1998/07/02   4978   322  406  422   147    8    7   10
김점오   17  1959/05/20  62  1987/07/10   8670   790  796  751   108    9    5   10
리카디   34  1968/03/02  53  2017/11/26    555    60   74   67   189   19   26   25
박대흥   18  1958/08/07  63  1997/05/28   7015  1003  799  670   311   34   28   20
박병일   27  1964/04/26  57  2011/07/15   1854   161  182  166   207   22   22   13
박윤규   04  1966/09/26  55  2004/07/01   4062   316  353  377   184   19   17   18
박재우   50  1970/01/02  52  2011/01/26   3147   428  343  306   386   44   47   33
박종곤   01  1962/08/26  59  1997/09/04   4626   483  427  445   254   50   26   30
박천서   54  1963/06/08  58  2003/03/05   4385   418  412  417   196   12   10   15
박희철   15  1961/06/26  60  2002/07/01   5075   381  433  443   127    9    5    9
배대선   20  1960/04/02  61  1995/06/26   7755   858  822  812   223   17   12   20
배휴준   29  1966/09/25  55  2005/07/01   4490   315  368  386   203    6   13   10
서범석   12  1964/07/26  57  1999/07/01   4898   436  450  446   236   13   24   17
서인석   33  1968/11/20  53  2010/12/09   4498   412  451  429   462   47   44   37
서정하   43  1958/12/22  63  2004/09/01   2829   162  218  218    90    1    3    7
서홍수   24  1964/01/04  58  2008/09/24   2290   201  205  214   257   30   25   32
손영표   02  1966/11/14  55  2006/07/27   2894   230  220  199   174    9    9   10
송문길   40  1971/03/22  50  2013/07/01   2229   322  266  231   347   42   39   31
신삼영   41  1963/11/06  58  2010/07/01   2197   203  195  199   183    8   16   16
심승태   37  1978/02/14  43  2012/05/04   2249   172  207  195   124    5    2    5
안병기   22  1966/01/20  56  2008/07/01   3919   402  357  369   378   26   24   32
안해양   26  1961/07/24  60  1999/08/26   4293   381  344  363   222   13   22   20
우창구   05  1963/04/28  58  2008/07/01   3154   320  273  272   210   31   18   23
유재길   23  1961/07/16  60  2000/04/07   5627   410  433  480   170    6    8   10
이관호   42  1966/08/21  55  2013/11/01   2261   247  203  234   386   35   28   34
이신영   14  1980/04/12  41  2011/07/01   2499   327  211  242   239   18   13   20
이준철   48  1980/02/23  41  2021/07/01     86    14   12   12    86   14   12   12
이희영   13  1960/08/16  61  1986/12/04   8369   662  730  745   158   10   16   13
임봉춘   21  1959/04/14  62  2002/08/22   5173   416  441  514   333   24   36   28
임채덕   35  1970/07/09  51  2020/07/01    189     4    8    9   131    4    8    7
전승규   25  1963/10/04  58  2017/04/26    757   120   98   77   206   24   23   19
정호익   10  1965/03/08  56  2006/03/04   4948   510  519  504   331   32   33   27
조현수   11  1970/04/25  51  2018/07/01    761    31   50   65   239    7   10   20
지용철   49  1959/06/27  62  1986/11/20  12365   921 1074 1113   360   16   23   26
최봉주   16  1962/11/19  59  2007/03/08   2848   207  216  227   266    8   14   18
최상식   28  1960/02/25  61  1993/07/13   6187   470  506  533   183   11   15   17
최영주   03  1966/09/03  55  1997/11/19   4880   361  377  359   129    8    4   10
최용건   51  1967/08/09  54  2020/07/01    287    27   17   24   228   22    9   18
최용구   08  1965/10/08  56  2012/07/01   1705   195  177  156   169   11   13   15
토니     30  1974/04/10  47  2019/09/01    320    25   36   35   170   11   17   17
홍대유   06  1963/01/15  59  2006/07/01   3864   330  335  337   345   31   39   24
