-------------------------------------------------------------------------------------
조교사명 조  생년월일   나이 데뷔일자    총출전  1위  2위  3위 1년출전 1위  2위  3위 
-------------------------------------------------------------------------------------
강성오   09  1966/08/20  55  2018/07/01    525    60   59   46   219   21   24   23
강환민   31  1970/05/26  51  2017/07/01    846   109  100   92   225   21   26   23
곽영효   19  1961/09/24  60  1997/05/28   4659   480  453  406   158   10   16   11
구자흥   07  1963/08/07  58  2010/04/05   1962   152  200  195   138   10    6    4
김동균   52  1975/08/24  46  2012/07/01   2658   272  234  245   331   43   39   35
김동철   53  1974/11/28  47  2016/03/16   1388    80  119  118   247   16   15   15
김윤섭   32  1968/09/20  53  1998/07/02   4980   322  406  422   149    8    7   10
김점오   17  1959/05/20  62  1987/07/10   8674   790  797  751   112    9    6   10
리카디   34  1968/03/02  53  2017/11/26    558    61   74   67   192   20   26   25
박대흥   18  1958/08/07  63  1997/05/28   7023  1004  800  670   319   35   29   20
박병일   27  1964/04/26  57  2011/07/15   1860   162  182  166   213   23   22   13
박윤규   04  1966/09/26  55  2004/07/01   4070   317  354  377   192   20   18   18
박재우   50  1970/01/02  52  2011/01/26   3158   429  343  308   397   45   47   35
박종곤   01  1962/08/26  59  1997/09/04   4632   484  428  445   260   51   27   30
박천서   54  1963/06/08  58  2003/03/05   4390   418  412  417   201   12   10   15
박희철   15  1961/06/26  60  2002/07/01   5078   381  433  443   130    9    5    9
배대선   20  1960/04/02  61  1995/06/26   7760   858  822  813   228   17   12   21
배휴준   29  1966/09/25  55  2005/07/01   4493   315  370  386   206    6   15   10
서범석   12  1964/07/26  57  1999/07/01   4905   436  450  446   243   13   24   17
서인석   33  1968/11/20  53  2010/12/09   4507   412  453  429   471   47   46   37
서정하   43  1958/12/22  63  2004/09/01   2831   162  218  218    92    1    3    7
서홍수   24  1964/01/04  58  2008/09/24   2295   202  206  215   262   31   26   33
손영표   02  1966/11/14  55  2006/07/27   2897   230  220  199   177    9    9   10
송문길   40  1971/03/22  50  2013/07/01   2234   322  267  233   352   42   40   33
신삼영   41  1963/11/06  58  2010/07/01   2201   203  195  200   187    8   16   17
심승태   37  1978/02/14  44  2012/05/04   2251   172  207  195   126    5    2    5
안병기   22  1966/01/20  56  2008/07/01   3930   403  359  370   389   27   26   33
안해양   26  1961/07/24  60  1999/08/26   4296   381  344  363   225   13   22   20
우창구   05  1963/04/28  58  2008/07/01   3158   320  274  272   214   31   19   23
유재길   23  1961/07/16  60  2000/04/07   5635   410  433  482   178    6    8   12
이관호   42  1966/08/21  55  2013/11/01   2272   247  203  236   397   35   28   36
이신영   14  1980/04/12  41  2011/07/01   2503   328  212  242   243   19   14   20
이준철   48  1980/02/23  41  2021/07/01     90    15   12   12    90   15   12   12
이희영   13  1960/08/16  61  1986/12/04   8374   662  731  746   163   10   17   14
임봉춘   21  1959/04/14  62  2002/08/22   5181   417  442  514   341   25   37   28
임채덕   35  1970/07/09  51  2020/07/01    194     4    8   10   136    4    8    8
전승규   25  1963/10/04  58  2017/04/26    761   121   98   77   210   25   23   19
정호익   10  1965/03/08  56  2006/03/04   4956   511  519  505   339   33   33   28
조현수   11  1970/04/25  51  2018/07/01    768    31   51   65   246    7   11   20
지용철   49  1959/06/27  62  1986/11/20  12371   922 1074 1113   366   17   23   26
최봉주   16  1962/11/19  59  2007/03/08   2857   208  216  228   275    9   14   19
최상식   28  1960/02/25  61  1993/07/13   6192   470  506  533   188   11   15   17
최영주   03  1966/09/03  55  1997/11/19   4884   361  377  360   133    8    4   11
최용건   51  1967/08/09  54  2020/07/01    289    27   17   24   230   22    9   18
최용구   08  1965/10/08  56  2012/07/01   1710   196  177  156   174   12   13   15
토니     30  1974/04/10  47  2019/09/01    327    25   36   35   177   11   17   17
홍대유   06  1963/01/15  59  2006/07/01   3872   330  335  337   353   31   39   24
