-------------------------------------------------------------------------------------
조교사명 조  생년월일   나이 데뷔일자    총출전  1위  2위  3위 1년출전 1위  2위  3위 
-------------------------------------------------------------------------------------
강은석   22  1971/11/10  50  2018/05/17    823    68   66   86   300   21   31   30
강형곤   02  1966/02/07  56  2004/03/02   5468   431  505  518   436   26   45   27
구민성   10  1978/08/11  43  2021/07/01    161     9   15   10   161    9   15   10
구영준   06  1972/06/08  49  2014/09/01   1830   105  136  172   244   14   20   22
권승주   33  1964/01/09  58  2012/03/03   3949   384  400  392   393   41   31   45
김길중   24  1963/03/28  59  2004/05/01   3818   243  306  319   254   16   17   15
김병학   07  1960/03/15  62  2004/03/02   3929   252  291  325   212   16   25   20
김영관   19  1960/06/13  61  2004/03/02   6122  1370  841  683   361   69   45   43
김영민   11  1980/03/08  42  2020/04/10    187    19   30   11    75    8    9    5
김재섭   16  1963/09/23  58  2004/03/02   5125   560  470  467   245   19   20   24
라이스   31  1976/09/15  45  2013/11/29   2034   270  210  213   330   48   32   34
민장기   21  1966/09/09  55  2004/05/01   5011   533  531  479   295   36   23   24
박재호   13  1978/09/20  43  2021/09/29     48     4    5    3    48    4    5    3
방동석   26  1967/12/09  54  2007/10/01   3033   283  279  312   220   26   23   16
백광열   01  1964/11/24  57  2004/03/02   6998   862  771  786   451   55   52   43
손병직   23  1973/11/14  48  2019/08/07    196    16   11   13    24    3    1    5
안우성   15  1974/01/18  48  2014/06/01   1939   240  238  224   314   25   39   31
양귀선   09  1961/11/10  60  2004/03/02   4869   323  358  426   370   35   20   40
울즐리   30  1962/12/24  59  2007/12/20   3615   616  469  382   335   29   40   35
유병복   05  1961/01/01  61  2004/03/02   4480   508  468  435    77    4    3    4
윤영훈   14  1965/03/03  57  2004/03/02   4565   297  364  374   205   13   13   18
이상영   27  1966/02/14  56  2007/10/01   3385   300  302  309   182   12   15   18
이정표   18  1965/03/02  57  2004/03/02   4319   188  270  319   238    7    8    5
임금만   04  1964/03/10  58  2004/03/02   4700   506  533  486   271   18   19   21
임동창   32  1960/05/05  61  2010/07/14   2155   100  116  156   195   14    9   10
장세한   17  1963/06/12  58  2004/03/02   4803   317  354  430   218   10   11   19
조용배   12  1967/03/16  55  2004/03/02   4975   224  303  378   258    9   14   18
최기홍   20  1964/11/09  57  2004/03/02   4431   387  393  384   137   13    7    8
토마스   08  1982/03/05  40  2015/06/01   1950   263  259  204   391   42   39   37
하무선   28  1968/06/15  53  2007/10/01   2303   126  141  186    88    3    3    7
