-------------------------------------------------------------------------------------
조교사명 조  생년월일   나이 데뷔일자    총출전  1위  2위  3위 1년출전 1위  2위  3위 
-------------------------------------------------------------------------------------
강은석   22  1971/11/10  50  2018/05/17    863    73   69   90   243   20   25   28
강형곤   02  1966/02/07  56  2004/03/02   5622   450  514  536   462   36   38   35
구민성   10  1978/08/11  44  2021/07/01    224    15   23   16   220   15   23   15
구영준   06  1972/06/08  50  2014/09/01   1890   108  146  183   225   13   28   28
권승주   33  1964/01/09  58  2012/03/03   4067   400  415  404   402   41   39   48
김길중   24  1963/03/28  59  2004/05/01   3894   247  314  324   267   14   20   17
김병학   07  1960/03/15  62  2004/03/02   3994   258  296  332   219   19   26   21
김영관   19  1960/06/13  62  2004/03/02   6209  1382  851  697   338   59   46   42
김영민   11  1980/03/08  42  2020/04/10    231    24   37   15   119   13   16    9
라이스   31  1976/09/15  45  2013/11/29   2129   289  226  224   328   42   39   34
문현철   03  1980/11/20  41  2022/07/01      0     0    0    0     0    0    0    0
민장기   21  1966/09/09  55  2004/05/01   5093   540  538  487   290   35   21   23
박재호   13  1978/09/20  43  2021/09/29     92     4    9    5    92    4    9    5
방동석   26  1967/12/09  54  2007/10/01   3082   287  281  318   208   25   19   21
백광열   01  1964/11/24  57  2004/03/02   7109   874  784  800   429   53   47   41
손병직   23  1973/11/14  48  2019/08/07    235    19   12   15    63    6    2    7
안우성   15  1974/01/18  48  2014/06/01   2003   251  246  231   283   33   39   25
양귀선   09  1961/11/10  60  2004/03/02   4981   338  374  436   368   42   29   43
울즐리   30  1962/12/24  59  2007/12/20   3713   632  476  387   334   34   29   26
유병복   05  1961/01/01  61  2004/03/02   4480   508  468  435    18    2    1    0
윤영훈   14  1965/03/03  57  2004/03/02   4626   297  373  379   211   10   19   17
이상영   27  1966/02/14  56  2007/10/01   3445   310  308  314   195   20   20   17
이정표   18  1965/03/02  57  2004/03/02   4398   190  272  329   237    9    9   15
임금만   04  1964/03/10  58  2004/03/02   4778   511  540  497   268   16   16   26
임동창   32  1960/05/05  62  2010/07/14   2203   103  119  162   181   15   11   12
장세한   17  1963/06/12  59  2004/03/02   4868   322  359  435   216   13   13   21
조용배   12  1967/03/16  55  2004/03/02   5052   227  309  380   254    9   18   16
최기홍   20  1964/11/09  57  2004/03/02   4466   390  398  389   128   12    9   10
토마스   08  1982/03/05  40  2015/06/01   2051   274  267  213   374   42   34   34
하무선   28  1968/06/15  54  2007/10/01   2364   134  148  192   132   11    9   12
