-------------------------------------------------------------------------------------------------
기수명   조  생년월일   나이 데뷔일자   중량 타조중량 총출전 1위  2위  3위 1년출전 1위  2위  3위 
-------------------------------------------------------------------------------------------------
권오찬   프  1999/11/07  23  2021/07/15  48   48        183    4   12    7  149     4   10    7
김도현   99  1982/01/24  40  2003/07/02  53   53       2244  128  136  148    4     0    0    1
김동영   99  1980/04/06  42  2005/05/04  53   53       4400  412  433  442   85     2    6    6
김명신   99  1981/04/01  41  2005/05/04  52   52       2300   89  157  162    8     0    0    2
김어수   프  1983/07/06  39  2005/05/04  52   52       4070  242  305  343  254    10   13   14
김철호   프  1987/07/20  35  2008/06/18  52   52       2626  217  219  238  155     8    8   12
김태경   99  1966/03/22  56  1990/06/01  51   51       5344  343  409  442   16     1    0    1
김태현   99  1997/01/23  25  2020/07/15  51   51        514   25   29   32  189    10   10   14
김혜선   프  1988/08/31  34  2009/06/01  51   51       4239  348  372  357  419    50   60   39
다실바   프  1978/12/15  43  2016/09/02  53   53       2225  302  296  259  377    56   45   44
모준호   프  1991/12/31  30  2020/07/15  51   51        733   44   53   61  342    18   18   24
박재이   프  1996/02/14  26  2015/06/17  52   52       2206  160  219  224  397    61   52   52
박종호   프  1994/03/09  28  2020/07/15  51   51        275    8    7   14   74     2    2    6
서강주   프  1998/04/11  24  2021/07/15  50   50        351   25   39   46  319    25   37   41
서승운   프  1989/08/30  33  2011/08/24  52   52       3945  616  537  486  367    63   54   43
송경윤   프  1981/03/05  41  2007/05/18  53   53       4730  357  447  455  385    36   33   35
신윤섭   프  1995/01/28  27  2021/07/15  52   52        383   23   23   36  322    18   22   29
유광희   99  1988/09/25  34  2011/08/24  51   51       1568   52  100  118   31     1    2    4
유현명   프  1979/05/20  43  2002/09/13  51   51       7076 1196  937  749  385    76   47   42
윤형석   프  1998/12/16  23  2021/07/15  50   50        286   10   21   21  254    10   19   20
이성재   프  1982/10/18  40  2008/05/14  52   52       4205  326  329  396  387    35   20   40
이아나   99  1989/01/01  33  2011/08/24  50   50       1213   53   53   67    0     0    0    0
이홍락   프  1997/12/17  24  2022/07/01  50   50         68    4    7    6   68     4    7    6
이효식   99  1996/06/04  26  2016/06/18  51   51       1798  246  185  153    0     0    0    0
임성실   프  1981/02/15  41  2002/09/13  56   56       2638  353  295  278   97     6    9   14
전진구   프  1996/03/23  26  2017/06/02  50   50        902   47   64   52  192     3   14    8
정도윤   프  1995/11/20  27  2016/06/18  48   48       1876  154  152  191  215    21   23   22
정동철   프  1990/07/17  32  2011/08/24  48   48       2710  169  181  195  142     6    2    4
정우주   프  1993/01/23  29  2018/06/14  48   48        978   47   50   67  146     2    7    8
조인권   프  1987/01/18  35  2008/06/18  52   52       4571  647  529  490  360    36   53   43
조창욱   99  1980/02/10  42  2005/05/04  53   53       4104  371  351  360    4     0    1    1
진겸     99  1994/07/04  28  2015/06/17  52   52       1938  162  194  199   87     7    9   10
채상현   프  1993/11/21  28  2014/06/05  52   52       1752  127  149  159  225    13   15   19
최시대   프  1980/09/12  42  2007/05/18  51   51       5607  745  655  587  397    56   32   32
최은경   프  1997/02/24  25  2016/06/18  51   51       1490   89  118  137  308    20   20   36
