-------------------------------------------------------------------------------------
조교사명 조  생년월일   나이 데뷔일자    총출전  1위  2위  3위 1년출전 1위  2위  3위 
-------------------------------------------------------------------------------------
강은석   22  1971/11/10  50  2018/05/17    826    68   67   86   288   21   30   30
강형곤   02  1966/02/07  56  2004/03/02   5489   434  507  520   441   28   45   28
구민성   10  1978/08/11  43  2021/07/01    171    10   17   11   171   10   17   11
구영준   06  1972/06/08  49  2014/09/01   1836   105  136  172   240   13   19   22
권승주   33  1964/01/09  58  2012/03/03   3966   386  404  393   399   42   34   45
김길중   24  1963/03/28  59  2004/05/01   3829   244  306  319   254   17   17   15
김병학   07  1960/03/15  62  2004/03/02   3935   252  291  325   210   15   25   19
김영관   19  1960/06/13  61  2004/03/02   6133  1372  842  685   359   67   44   44
김영민   11  1980/03/08  42  2020/04/10    190    19   32   11    78    8   11    5
김재섭   16  1963/09/23  58  2004/03/02   5129   560  470  468   241   19   19   24
라이스   31  1976/09/15  45  2013/11/29   2043   272  212  214   326   48   33   32
민장기   21  1966/09/09  55  2004/05/01   5022   534  531  481   295   37   21   25
박재호   13  1978/09/20  43  2021/09/29     54     4    6    3    54    4    6    3
방동석   26  1967/12/09  54  2007/10/01   3043   283  279  314   224   26   23   18
백광열   01  1964/11/24  57  2004/03/02   7018   863  774  789   453   51   53   45
손병직   23  1973/11/14  48  2019/08/07    198    16   11   13    26    3    1    5
안우성   15  1974/01/18  48  2014/06/01   1950   243  239  225   311   26   39   30
양귀선   09  1961/11/10  60  2004/03/02   4883   326  359  427   368   37   20   40
울즐리   30  1962/12/24  59  2007/12/20   3634   621  470  384   340   32   39   35
유병복   05  1961/01/01  61  2004/03/02   4480   508  468  435    68    4    3    3
윤영훈   14  1965/03/03  57  2004/03/02   4569   297  364  374   202   13   13   18
이상영   27  1966/02/14  56  2007/10/01   3390   301  303  310   180   13   16   17
이정표   18  1965/03/02  57  2004/03/02   4331   188  270  320   238    7    8    6
임금만   04  1964/03/10  58  2004/03/02   4706   506  533  487   270   18   19   20
임동창   32  1960/05/05  62  2010/07/14   2162   101  116  157   192   14    9   11
장세한   17  1963/06/12  58  2004/03/02   4810   318  355  430   213   11   12   19
조용배   12  1967/03/16  55  2004/03/02   4986   224  304  378   256    9   14   17
최기홍   20  1964/11/09  57  2004/03/02   4435   387  393  387   134   12    6   10
토마스   08  1982/03/05  40  2015/06/01   1967   265  261  205   395   43   41   37
하무선   28  1968/06/15  53  2007/10/01   2309   126  142  187    92    3    4    8
