-------------------------------------------------------------------------------------
조교사명 조  생년월일   나이 데뷔일자    총출전  1위  2위  3위 1년출전 1위  2위  3위 
-------------------------------------------------------------------------------------
강성오   09  1966/08/20  56  2018/07/01    703    82   81   60   244   28   28   23
강환민   31  1970/05/26  52  2017/07/01   1043   126  120  118   265   21   29   33
곽영효   19  1961/09/24  61  1997/05/28   4834   501  476  424   234   23   30   24
구자흥   07  1963/08/07  59  2010/04/05   2055   155  208  203   129    5    9    9
김동균   52  1975/08/24  47  2012/07/01   2901   293  255  271   358   31   36   39
김동철   53  1974/11/28  47  2016/03/16   1568    87  132  132   252   11   16   16
김윤섭   32  1968/09/20  54  1998/07/02   5100   326  412  428   170    9    9    8
리카디   34  1968/03/02  54  2017/11/26    721    93  100   83   228   39   33   23
문병기   21  1968/08/07  54  2022/07/01     65     8    8    7    65    8    8    7
박병일   27  1964/04/26  58  2011/07/15   2013   172  199  188   225   17   25   26
박윤규   04  1966/09/26  56  2004/07/01   4232   332  370  387   229   21   25   19
박재우   50  1970/01/02  52  2011/01/26   3429   458  379  334   398   37   47   34
박종곤   01  1962/08/26  60  1997/09/04   4821   511  450  462   274   45   29   23
박천서   54  1963/06/08  59  2003/03/05   4523   430  422  431   202   17   15   20
박희철   15  1961/06/26  61  2002/07/01   5190   387  440  453   147   11    7   10
배대선   20  1960/04/02  62  1995/06/26   7898   871  841  824   182   19   21   16
배휴준   29  1966/09/25  56  2005/07/01   4638   320  378  395   209    8   13   10
서범석   12  1964/07/26  58  1999/07/01   5067   445  461  457   239   12   19   17
서인석   33  1968/11/20  53  2010/12/09   4828   444  478  464   468   48   41   49
서홍수   24  1964/01/04  58  2008/09/24   2510   232  227  241   296   45   28   38
손영표   02  1966/11/14  55  2006/07/27   3018   234  232  206   180    5   13    9
송문길   40  1971/03/22  51  2013/07/01   2450   352  290  258   321   41   35   39
신삼영   41  1963/11/06  59  2010/07/01   2315   215  203  206   175   16   11   15
심승태   37  1978/02/14  44  2012/05/04   2377   180  215  205   172   10    9   12
안병기   22  1966/01/20  56  2008/07/01   4180   424  383  383   379   32   33   25
안해양   26  1961/07/24  61  1999/08/26   4460   399  365  379   227   24   30   21
우창구   05  1963/04/28  59  2008/07/01   3287   329  283  287   194   17   15   24
유재길   23  1961/07/16  61  2000/04/07   5763   416  443  491   189   10   12   15
이관호   42  1966/08/21  56  2013/11/01   2576   272  227  275   431   35   30   55
이신영   14  1980/04/12  42  2011/07/01   2657   346  223  253   231   25   15   18
이준철   48  1980/02/23  42  2021/07/01    197    38   28   23   155   30   20   18
이희영   13  1960/08/16  62  1986/12/04   8485   678  742  758   169   21   17   19
임채덕   35  1970/07/09  52  2020/07/01    335     7   18   23   190    4   13   18
전승규   25  1963/10/04  59  2017/04/26    922   142  112   98   236   28   24   29
정호익   10  1965/03/08  57  2006/03/04   5224   533  552  536   374   35   42   37
조현수   11  1970/04/25  52  2018/07/01    945    39   61   76   246   10   15   17
최봉주   16  1962/11/19  59  2007/03/08   3010   221  230  241   218   16   18   16
최상식   28  1960/02/25  62  1993/07/13   6324   486  516  547   196   19   13   20
최영주   03  1966/09/03  56  1997/11/19   4995   370  386  365   153   15    9    8
최용건   51  1967/08/09  55  2020/07/01    478    49   33   42   267   31   19   20
최용구   08  1965/10/08  57  2012/07/01   1821   208  194  168   163   15   22   14
토니     30  1974/04/10  48  2019/09/01    465    41   49   52   197   16   17   18
홍대유   06  1963/01/15  59  2006/07/01   4133   357  358  358   367   34   36   25
