-------------------------------------------------------------------------------------
조교사명 조  생년월일   나이 데뷔일자    총출전  1위  2위  3위 1년출전 1위  2위  3위 
-------------------------------------------------------------------------------------
강성오   09  1966/08/20  55  2018/07/01    553    65   61   46   227   25   24   22
강환민   31  1970/05/26  51  2017/07/01    882   113  103   95   233   22   26   21
곽영효   19  1961/09/24  60  1997/05/28   4684   483  456  412   166   11   18   16
구자흥   07  1963/08/07  58  2010/04/05   1973   153  200  196   130   11    6    4
김동균   52  1975/08/24  46  2012/07/01   2705   277  236  253   345   44   34   41
김동철   53  1974/11/28  47  2016/03/16   1415    81  121  121   250   17   15   18
김윤섭   32  1968/09/20  53  1998/07/02   5000   323  406  423   154    9    6   10
김점오   17  1959/05/20  62  1987/07/10   8682   791  798  751   106    8    7    9
리카디   34  1968/03/02  54  2017/11/26    586    67   78   70   198   24   28   26
박대흥   18  1958/08/07  63  1997/05/28   7064  1008  804  677   321   36   29   27
박병일   27  1964/04/26  57  2011/07/15   1892   164  187  169   223   24   26   14
박윤규   04  1966/09/26  55  2004/07/01   4095   319  360  378   196   19   24   17
박재우   50  1970/01/02  52  2011/01/26   3209   433  351  315   400   38   47   41
박종곤   01  1962/08/26  59  1997/09/04   4662   488  429  448   261   49   26   28
박천서   54  1963/06/08  58  2003/03/05   4417   418  412  420   200   11   10   18
박희철   15  1961/06/26  60  2002/07/01   5097   382  433  444   134   10    5   10
배대선   20  1960/04/02  62  1995/06/26   7778   859  824  814   212   18   13   20
배휴준   29  1966/09/25  55  2005/07/01   4521   317  371  388   209    7   15   11
서범석   12  1964/07/26  57  1999/07/01   4939   438  452  446   249   12   24   15
서인석   33  1968/11/20  53  2010/12/09   4563   415  455  435   473   47   44   40
서정하   43  1958/12/22  63  2004/09/01   2838   162  218  218    88    0    2    6
서홍수   24  1964/01/04  58  2008/09/24   2325   203  207  221   270   29   26   36
손영표   02  1966/11/14  55  2006/07/27   2922   230  225  199   183    8   14    7
송문길   40  1971/03/22  51  2013/07/01   2276   328  270  239   349   38   38   36
신삼영   41  1963/11/06  58  2010/07/01   2223   204  197  200   187    9   18   15
심승태   37  1978/02/14  44  2012/05/04   2268   172  207  196   130    5    2    5
안병기   22  1966/01/20  56  2008/07/01   3974   408  363  373   395   30   27   33
안해양   26  1961/07/24  60  1999/08/26   4321   384  346  363   223   15   24   16
우창구   05  1963/04/28  58  2008/07/01   3183   321  274  274   218   30   19   23
유재길   23  1961/07/16  60  2000/04/07   5654   410  436  483   178    6   10   11
이관호   42  1966/08/21  55  2013/11/01   2326   249  207  244   410   34   28   44
이신영   14  1980/04/12  41  2011/07/01   2536   332  215  245   248   21   16   22
이준철   48  1980/02/23  42  2021/07/01    108    19   13   13   108   19   13   13
이희영   13  1960/08/16  61  1986/12/04   8391   664  732  749   160   11   16   15
임봉춘   21  1959/04/14  62  2002/08/22   5221   419  451  516   344   27   40   27
임채덕   35  1970/07/09  51  2020/07/01    216     4   10   13   145    4   10   11
전승규   25  1963/10/04  58  2017/04/26    795   126  102   82   220   27   24   23
정호익   10  1965/03/08  57  2006/03/04   5004   518  527  507   352   37   35   27
조현수   11  1970/04/25  51  2018/07/01    801    31   53   67   251    7   13   18
지용철   49  1959/06/27  62  1986/11/20  12414   928 1075 1117   370   22   21   27
최봉주   16  1962/11/19  59  2007/03/08   2877   210  217  229   263   11   14   15
최상식   28  1960/02/25  62  1993/07/13   6217   472  508  536   192   11   14   18
최영주   03  1966/09/03  55  1997/11/19   4904   361  378  360   128    8    5   10
최용건   51  1967/08/09  54  2020/07/01    320    32   22   24   243   24   13   17
최용구   08  1965/10/08  56  2012/07/01   1737   201  178  158   182   16   13   15
토니     30  1974/04/10  47  2019/09/01    349    26   37   36   183   11   18   17
홍대유   06  1963/01/15  59  2006/07/01   3915   334  341  339   353   33   40   25
