-------------------------------------------------------------------------------------
조교사명 조  생년월일   나이 데뷔일자    총출전  1위  2위  3위 1년출전 1위  2위  3위 
-------------------------------------------------------------------------------------
강성오   09  1966/08/20  55  2018/07/01    535    62   60   46   221   23   24   23
강환민   31  1970/05/26  51  2017/07/01    861   111  101   93   228   22   26   22
곽영효   19  1961/09/24  60  1997/05/28   4667   480  455  407   161   10   18   11
구자흥   07  1963/08/07  58  2010/04/05   1964   152  200  196   135   10    6    5
김동균   52  1975/08/24  46  2012/07/01   2672   273  234  249   337   41   39   39
김동철   53  1974/11/28  47  2016/03/16   1397    80  120  119   248   16   15   16
김윤섭   32  1968/09/20  53  1998/07/02   4986   322  406  422   150    8    7    9
김점오   17  1959/05/20  62  1987/07/10   8677   790  797  751   110    7    6    9
리카디   34  1968/03/02  54  2017/11/26    568    63   75   68   195   21   27   25
박대흥   18  1958/08/07  63  1997/05/28   7037  1005  801  675   318   36   28   25
박병일   27  1964/04/26  57  2011/07/15   1870   163  184  167   216   23   24   13
박윤규   04  1966/09/26  55  2004/07/01   4077   317  354  377   193   20   18   17
박재우   50  1970/01/02  52  2011/01/26   3176   430  346  310   400   44   48   37
박종곤   01  1962/08/26  59  1997/09/04   4642   485  429  446   259   51   27   30
박천서   54  1963/06/08  58  2003/03/05   4398   418  412  418   200   11   10   16
박희철   15  1961/06/26  60  2002/07/01   5083   381  433  443   130    9    5    9
배대선   20  1960/04/02  61  1995/06/26   7766   858  822  813   224   17   11   20
배휴준   29  1966/09/25  55  2005/07/01   4505   315  370  387   210    5   15   10
서범석   12  1964/07/26  57  1999/07/01   4918   437  451  446   243   11   24   17
서인석   33  1968/11/20  53  2010/12/09   4527   413  454  430   468   46   45   36
서정하   43  1958/12/22  63  2004/09/01   2834   162  218  218    92    1    3    7
서홍수   24  1964/01/04  58  2008/09/24   2304   202  206  215   268   29   26   33
손영표   02  1966/11/14  55  2006/07/27   2909   230  223  199   185    8   12    8
송문길   40  1971/03/22  50  2013/07/01   2248   324  268  233   356   43   39   32
신삼영   41  1963/11/06  58  2010/07/01   2210   204  195  200   188    9   16   17
심승태   37  1978/02/14  44  2012/05/04   2259   172  207  195   129    5    2    5
안병기   22  1966/01/20  56  2008/07/01   3945   404  359  372   389   27   25   33
안해양   26  1961/07/24  60  1999/08/26   4304   383  344  363   221   15   22   17
우창구   05  1963/04/28  58  2008/07/01   3166   321  274  273   216   32   19   24
유재길   23  1961/07/16  60  2000/04/07   5641   410  434  482   177    6    8   11
이관호   42  1966/08/21  55  2013/11/01   2285   248  205  238   395   36   28   38
이신영   14  1980/04/12  41  2011/07/01   2517   328  214  243   250   19   15   21
이준철   48  1980/02/23  42  2021/07/01     96    18   12   12    96   18   12   12
이희영   13  1960/08/16  61  1986/12/04   8384   663  732  748   170   10   18   15
임봉춘   21  1959/04/14  62  2002/08/22   5197   418  446  516   347   26   40   29
임채덕   35  1970/07/09  51  2020/07/01    202     4    8   12   136    4    8   10
전승규   25  1963/10/04  58  2017/04/26    772   123  100   79   214   27   22   21
정호익   10  1965/03/08  56  2006/03/04   4975   515  521  506   347   36   33   29
조현수   11  1970/04/25  51  2018/07/01    779    31   52   65   245    7   12   18
지용철   49  1959/06/27  62  1986/11/20  12384   925 1074 1113   367   20   22   26
최봉주   16  1962/11/19  59  2007/03/08   2863   208  217  228   268    9   15   17
최상식   28  1960/02/25  62  1993/07/13   6201   470  507  535   188   10   15   19
최영주   03  1966/09/03  55  1997/11/19   4891   361  377  360   135    8    4   11
최용건   51  1967/08/09  54  2020/07/01    299    29   19   24   232   23   10   18
최용구   08  1965/10/08  56  2012/07/01   1720   197  178  157   177   12   13   15
토니     30  1974/04/10  47  2019/09/01    333    25   36   35   178   10   17   16
홍대유   06  1963/01/15  59  2006/07/01   3887   332  336  338   355   32   39   25
