-------------------------------------------------------------------------------------
조교사명 조  생년월일   나이 데뷔일자    총출전  1위  2위  3위 1년출전 1위  2위  3위 
-------------------------------------------------------------------------------------
강성오   09  1966/08/20  55  2018/07/01    459    54   53   37   209   22   26   16
강환민   31  1970/05/26  51  2017/07/01    778   105   91   85   222   25   24   21
곽영효   19  1961/09/24  60  1997/05/28   4600   478  446  400   139    8   13    7
구자흥   07  1963/08/07  58  2010/04/05   1926   150  199  194   151   12    8    6
김동균   52  1975/08/24  46  2012/07/01   2543   262  219  232   309   45   31   32
김동철   53  1974/11/28  46  2016/03/16   1316    76  116  116   238   15   18   16
김윤섭   32  1968/09/20  53  1998/07/02   4930   317  403  420   138    5    6   10
김점오   17  1959/05/20  62  1987/07/10   8648   790  796  749   129   13    9   11
리카디   34  1968/03/02  53  2017/11/26    493    54   67   60   170   18   22   22
박대흥   18  1958/08/07  63  1997/05/28   6928   995  787  665   315   41   24   21
박병일   27  1964/04/26  57  2011/07/15   1788   155  174  162   192   16   20   13
박윤규   04  1966/09/26  55  2004/07/01   4003   311  345  368   182   18   11   13
박재우   50  1970/01/02  51  2011/01/26   3031   421  332  300   370   46   47   40
박종곤   01  1962/08/26  59  1997/09/04   4547   466  421  439   244   44   27   32
박천서   54  1963/06/08  58  2003/03/05   4321   413  407  411   197    9   12   13
박희철   15  1961/06/26  60  2002/07/01   5043   376  433  443   132    4    5   11
배대선   20  1960/04/02  61  1995/06/26   7716   852  820  808   267   14   12   23
배휴준   29  1966/09/25  55  2005/07/01   4429   312  365  385   192    4   12   10
서범석   12  1964/07/26  57  1999/07/01   4828   433  442  440   215   14   21   18
서인석   33  1968/11/20  52  2010/12/09   4360   396  437  415   441   36   42   39
서정하   43  1958/12/22  62  2004/09/01   2810   162  218  217    97    1    4    7
서홍수   24  1964/01/04  57  2008/09/24   2214   187  199  203   244   21   28   27
손영표   02  1966/11/14  54  2006/07/27   2838   229  219  197   156    8    9   10
송문길   40  1971/03/22  50  2013/07/01   2129   311  255  219   345   46   36   28
신삼영   41  1963/11/06  57  2010/07/01   2140   199  192  191   184    4   15   11
심승태   37  1978/02/14  43  2012/05/04   2205   170  206  193   109    3    1    5
안병기   22  1966/01/20  55  2008/07/01   3801   392  350  358   345   22   26   24
안해양   26  1961/07/24  60  1999/08/26   4233   375  335  358   212   13   16   18
우창구   05  1963/04/28  58  2008/07/01   3093   312  268  263   206   24   15   17
유재길   23  1961/07/16  60  2000/04/07   5574   406  431  476   151    3    8    8
이관호   42  1966/08/21  55  2013/11/01   2145   237  197  220   376   32   29   32
이신영   14  1980/04/12  41  2011/07/01   2426   321  208  235   219   21   16   14
이준철   48  1980/02/23  41  2021/07/01     42     8    8    5    42    8    8    5
이희영   13  1960/08/16  61  1986/12/04   8316   657  725  739   142    7   14   13
임봉춘   21  1959/04/14  62  2002/08/22   5074   411  431  508   313   22   31   27
임채덕   35  1970/07/09  51  2020/07/01    145     3    5    5   122    3    5    3
전승규   25  1963/10/04  58  2017/04/26    686   114   88   69   194   27   19   15
정호익   10  1965/03/05  56  2006/03/04   4850   498  510  499   332   41   37   35
조현수   11  1970/04/25  51  2018/07/01    699    29   46   59   246    9    9   19
지용철   49  1959/06/27  62  1986/11/20  12262   917 1069 1105   335   13   25   22
최봉주   16  1962/11/19  58  2007/03/08   2792   205  212  225   270   12   13   20
최상식   28  1960/02/25  61  1993/07/13   6128   467  503  527   174   13   17   16
최영주   03  1966/09/03  55  1997/11/19   4842   355  377  357   134    3    6   11
최용건   51  1967/08/09  54  2020/07/01    211    18   14   22   193   16   10   21
최용구   08  1965/10/08  56  2012/07/01   1658   193  172  154   185   13   14   17
토니     30  1974/04/10  47  2019/09/01    268    25   32   34   164   17   17   22
홍대유   06  1963/01/15  58  2006/07/01   3766   323  322  333   336   28   34   25
