-------------------------------------------------------------------------------------
조교사명 조  생년월일   나이 데뷔일자    총출전  1위  2위  3위 1년출전 1위  2위  3위 
-------------------------------------------------------------------------------------
강성오   09  1966/08/20  54  2018/07/01    317    39   36   23   121   12   15    8
강환민   31  1970/05/26  50  2017/07/01    636    89   76   72   158   17   17   15
곽영효   19  1961/09/24  59  1997/05/28   4508   470  437  396   105    3    9    9
구자흥   07  1963/08/07  57  2010/04/05   1834   142  194  191   114    7    9    7
김대근   48  1957/08/19  63  1986/07/30   8130   783  838  846   122   24   15   11
김동균   52  1975/08/24  45  2012/07/01   2342   232  197  210   190   24   15   19
김동철   53  1974/11/28  46  2016/03/16   1155    64  105  103   149    4   12    9
김윤섭   32  1968/09/20  52  1998/07/02   4839   314  399  413    98    4    3    6
김점오   17  1959/05/20  61  1987/07/10   8569   783  791  742   121   15   10    7
리카디   34  1968/03/02  53  2017/11/26    377    42   48   43   117   15   12   15
박대흥   18  1958/08/07  62  1997/05/28   6723   970  773  650   210   33   20   13
박병일   27  1964/04/26  56  2011/07/15   1656   140  160  155   131    9    9   13
박윤규   04  1966/09/26  54  2004/07/01   3891   298  336  360   152   11   12   13
박재우   50  1970/01/02  51  2011/01/26   2785   387  300  274   241   31   22   26
박종곤   01  1962/08/26  58  1997/09/04   4387   437  403  416   168   23   22   13
박천서   54  1963/06/08  57  2003/03/05   4202   407  402  402   130    5   12    9
박희철   15  1961/06/26  59  2002/07/01   4955   372  428  434   109    0    4    3
배대선   20  1960/04/02  60  1995/06/26   7547   841  811  793   207    8   16   19
배휴준   29  1966/09/25  54  2005/07/01   4298   310  356  377   138    4    7    4
서범석   12  1964/07/26  56  1999/07/01   4679   426  427  430   132   17   16   10
서인석   33  1968/11/20  52  2010/12/09   4062   367  409  394   303   23   27   36
서정하   43  1958/12/22  62  2004/09/01   2747   161  216  212    75    2    3    4
서홍수   24  1964/01/04  57  2008/09/24   2041   173  180  183   144   20   17   11
손영표   02  1966/11/14  54  2006/07/27   2730   222  211  191    93    3    6    8
송문길   40  1971/03/22  49  2013/07/01   1902   284  231  201   210   34   29   22
신삼영   41  1963/11/06  57  2010/07/01   2026   195  179  184   147    4    9    7
심승태   37  1978/02/14  43  2012/05/04   2134   167  205  191   116    2    5    6
안병기   22  1966/01/20  55  2008/07/01   3562   377  335  339   221   17   17   18
안해양   26  1961/07/24  59  1999/08/26   4086   368  322  346   120    9    7   11
우창구   05  1963/04/28  57  2008/07/01   2954   289  255  251   121    7    8   10
유재길   23  1961/07/16  59  2000/04/07   5470   404  426  471   122    2    3    8
이관호   42  1966/08/21  54  2013/11/01   1892   212  178  200   228   21   18   26
이신영   14  1980/04/12  40  2011/07/01   2270   309  199  222   132   20   11   11
이희영   13  1960/08/16  60  1986/12/04   8217   653  714  734   107    8    6   13
임봉춘   21  1959/04/14  61  2002/08/22   4855   392  408  487   191   13   17   12
임채덕   35  1970/07/09  50  2020/07/01     69     0    0    2    69    0    0    2
전승규   25  1963/10/04  57  2017/04/26    565    99   78   58   144   22   15   13
정호익   10  1965/03/05  56  2006/03/04   4636   480  488  479   220   31   25   22
조현수   11  1970/04/25  50  2018/07/01    537    24   40   47   186   10   14   20
지용철   49  1959/06/27  61  1986/11/20  12021   906 1052 1087   228    7   20   15
최봉주   16  1962/11/19  58  2007/03/08   2599   199  202  211   148    8   11   10
최상식   28  1960/02/25  61  1993/07/13   6015   460  492  517   119    9   11   10
최영주   03  1966/09/03  54  1997/11/19   4764   353  373  349   123    9    5   11
최용건   51  1967/08/09  53  2020/07/01     67     6    9    6    67    6    9    6
최용구   08  1965/10/08  55  2012/07/01   1545   185  165  142   147   15   14   15
토니     30  1974/04/10  46  2019/09/01    159    15   19   19   109   12   14   15
홍대유   06  1963/01/15  58  2006/07/01   3543   301  298  313   221   14   22   19
