-------------------------------------------------------------------------------------
조교사명 조  생년월일   나이 데뷔일자    총출전  1위  2위  3위 1년출전 1위  2위  3위 
-------------------------------------------------------------------------------------
강병은   13  1966/03/03  55  2004/03/02   3838   337  358  334   138    5    5   10
강은석   22  1971/11/10  49  2018/05/17    487    46   33   55   168   12   11   18
강형곤   02  1966/02/07  55  2004/03/02   4978   400  455  486   245   24   30   19
구영준   06  1972/06/08  48  2014/09/01   1553    91  116  147   147    9    6   15
권승주   33  1964/01/09  57  2012/03/03   3507   337  365  345   187   24   16   18
김길중   24  1963/03/28  57  2004/05/01   3524   224  288  301   197   11   13   14
김남중   10  1958/04/28  62  2004/03/02   3862   285  336  346   126    7    4    5
김병학   07  1960/03/15  60  2004/03/02   3688   234  264  304   117    5   11   12
김영관   19  1960/06/13  60  2004/03/02   5722  1295  795  634   245   47   31   27
김영민   11  1980/03/08  40  2020/04/10    112    11   21    6   112   11   21    6
김재섭   16  1963/09/23  57  2004/03/02   4852   539  448  439   168    7   13    8
라이스   31  1976/09/15  44  2013/11/29   1663   219  173  177   199   22   22   24
문제복   29  1965/02/01  56  2007/10/01   2536   212  206  224    95    3    4    4
민장기   21  1966/09/09  54  2004/05/01   4668   487  501  451   195   27   27   24
방동석   26  1967/12/09  53  2007/10/01   2780   254  255  294   145   24   16   15
백광열   01  1964/11/24  56  2004/03/02   6486   798  716  734   265   25   23   32
손병직   23  1973/11/14  47  2019/08/07    172    13   10    8    91    9    5    3
안우성   15  1974/01/18  47  2014/06/01   1577   209  194  190   185   18   23   24
양귀선   09  1961/11/10  59  2004/03/02   4446   284  328  380   215   28   22   16
울즐리   30  1962/12/24  58  2007/12/20   3247   584  423  345   182   28   22   22
유병복   05  1961/01/01  60  2004/03/02   4373   503  464  427   128    7    7    4
윤영훈   14  1965/03/03  56  2004/03/02   4331   282  348  356   104    4    4    6
이상영   27  1966/02/14  55  2007/10/01   3172   288  286  291   175   11    7   10
이정표   18  1965/03/02  56  2004/03/02   4045   181  262  314   127    2    3    2
임금만   04  1964/03/10  56  2004/03/02   4391   485  508  461   211   15   25   24
임동창   32  1960/05/05  60  2010/07/14   1936    85  105  145   133    9    6   12
장세한   17  1963/06/12  57  2004/03/02   4548   307  343  408   156    4   12   13
조용배   12  1967/03/16  53  2004/03/02   4679   215  287  359   166    2    3   10
최기홍   20  1964/11/09  56  2004/03/02   4279   373  385  375   121    7    3    5
토마스   08  1982/03/05  39  2015/06/01   1519   216  216  164   245   26   35   27
하무선   28  1968/06/15  52  2007/10/01   2204   123  137  179    15    0    0    0
