-------------------------------------------------------------------------------------
조교사명 조  생년월일   나이 데뷔일자    총출전  1위  2위  3위 1년출전 1위  2위  3위 
-------------------------------------------------------------------------------------
강병은   13  1966/03/03  55  2004/03/02   3896   341  366  338   177    9   13   14
강은석   22  1971/11/10  49  2018/05/17    587    52   42   60   252   17   19   21
강형곤   02  1966/02/07  55  2004/03/02   5120   411  472  494   363   34   43   24
구민성   10  1978/08/11  42  2021/07/01      0     0    0    0     0    0    0    0
구영준   06  1972/06/08  49  2014/09/01   1633    94  118  152   208   11    7   18
권승주   33  1964/01/09  57  2012/03/03   3624   354  372  353   283   38   22   26
김길중   24  1963/03/28  58  2004/05/01   3604   230  291  306   253   15   15   18
김병학   07  1960/03/15  61  2004/03/02   3755   238  268  310   178    9   14   17
김영관   19  1960/06/13  61  2004/03/02   5825  1316  804  647   314   60   35   36
김영민   11  1980/03/08  41  2020/04/10    112    11   21    6    94    8   17    6
김재섭   16  1963/09/23  57  2004/03/02   4913   542  455  444   215    7   19   13
라이스   31  1976/09/15  44  2013/11/29   1769   236  185  186   275   36   30   28
문제복   29  1965/02/01  56  2007/10/01   2599   213  207  228   154    3    5    7
민장기   21  1966/09/09  54  2004/05/01   4776   503  514  462   283   43   37   33
방동석   26  1967/12/09  53  2007/10/01   2853   261  260  296   199   28   20   15
백광열   01  1964/11/24  56  2004/03/02   6630   819  728  750   372   43   29   42
손병직   23  1973/11/14  47  2019/08/07    172    13   10    8    80    8    5    3
안우성   15  1974/01/18  47  2014/06/01   1685   217  204  205   269   23   32   36
양귀선   09  1961/11/10  59  2004/03/02   4577   293  345  391   319   35   37   26
울즐리   30  1962/12/24  58  2007/12/20   3343   593  438  358   248   32   35   31
유병복   05  1961/01/01  60  2004/03/02   4439   504  467  433   180    7    9    9
윤영훈   14  1965/03/03  56  2004/03/02   4397   285  352  360   157    7    7    9
이상영   27  1966/02/14  55  2007/10/01   3228   288  288  296   205   10    9   14
이정표   18  1965/03/02  56  2004/03/02   4137   181  263  314   204    2    3    2
임금만   04  1964/03/10  57  2004/03/02   4480   492  518  471   281   21   33   31
임동창   32  1960/05/05  61  2010/07/14   2001    88  107  148   185   10    8   14
장세한   17  1963/06/12  58  2004/03/02   4632   308  345  413   224    5   12   16
조용배   12  1967/03/16  54  2004/03/02   4770   218  290  363   238    5    5   13
최기홍   20  1964/11/09  56  2004/03/02   4318   376  389  377   145    9    6    6
토마스   08  1982/03/05  39  2015/06/01   1632   226  228  175   324   33   40   34
하무선   28  1968/06/15  53  2007/10/01   2226   123  138  179    37    0    1    0
