-------------------------------------------------------------------------------------
조교사명 조  생년월일   나이 데뷔일자    총출전  1위  2위  3위 1년출전 1위  2위  3위 
-------------------------------------------------------------------------------------
강병은   13  1966/03/03  54  2004/03/02   3834   337  358  334   134    5    5   10
강은석   22  1971/11/10  49  2018/05/17    485    46   33   54   166   12   11   17
강형곤   02  1966/02/07  55  2004/03/02   4969   398  455  485   236   22   30   18
구영준   06  1972/06/08  48  2014/09/01   1551    91  116  147   145    9    6   15
권승주   33  1964/01/09  57  2012/03/03   3503   337  364  345   183   24   15   18
김길중   24  1963/03/28  57  2004/05/01   3517   224  288  301   190   11   13   14
김남중   10  1958/04/28  62  2004/03/02   3858   285  336  346   122    7    4    5
김병학   07  1960/03/15  60  2004/03/02   3682   234  263  304   111    5   10   12
김영관   19  1960/06/13  60  2004/03/02   5714  1293  795  634   237   45   31   27
김영민   11  1980/03/08  40  2020/04/10    112    11   21    6   112   11   21    6
김재섭   16  1963/09/23  57  2004/03/02   4850   539  448  439   166    7   13    8
라이스   31  1976/09/15  44  2013/11/29   1659   218  173  177   195   21   22   24
문제복   29  1965/02/01  56  2007/10/01   2532   212  206  224    91    3    4    4
민장기   21  1966/09/09  54  2004/05/01   4664   487  501  450   191   27   27   23
방동석   26  1967/12/09  53  2007/10/01   2775   253  254  293   140   23   15   14
백광열   01  1964/11/24  56  2004/03/02   6477   797  715  734   256   24   22   32
손병직   23  1973/11/14  47  2019/08/07    172    13   10    8    91    9    5    3
안우성   15  1974/01/18  47  2014/06/01   1573   209  193  189   181   18   22   23
양귀선   09  1961/11/10  59  2004/03/02   4442   284  326  380   211   28   20   16
울즐리   30  1962/12/24  58  2007/12/20   3241   583  423  343   176   27   22   20
유병복   05  1961/01/01  60  2004/03/02   4372   503  464  427   127    7    7    4
윤영훈   14  1965/03/03  55  2004/03/02   4327   282  347  356   100    4    3    6
이상영   27  1966/02/14  55  2007/10/01   3166   288  286  291   169   11    7   10
이정표   18  1965/03/02  55  2004/03/02   4040   181  262  314   122    2    3    2
임금만   04  1964/03/10  56  2004/03/02   4384   485  507  459   204   15   24   22
임동창   32  1960/05/05  60  2010/07/14   1928    84  104  144   125    8    5   11
장세한   17  1963/06/12  57  2004/03/02   4546   307  343  408   154    4   12   13
조용배   12  1967/03/16  53  2004/03/02   4673   215  287  359   160    2    3   10
최기홍   20  1964/11/09  56  2004/03/02   4276   373  385  375   118    7    3    5
토마스   08  1982/03/05  38  2015/06/01   1512   215  216  164   238   25   35   27
하무선   28  1968/06/15  52  2007/10/01   2202   123  137  179    13    0    0    0
