-------------------------------------------------------------------------------------
조교사명 조  생년월일   나이 데뷔일자    총출전  1위  2위  3위 1년출전 1위  2위  3위 
-------------------------------------------------------------------------------------
강성오   09  1966/08/20  54  2018/07/01    422    50   50   33   195   19   27   14
강환민   31  1970/05/26  51  2017/07/01    735   101   88   82   210   24   25   20
곽영효   19  1961/09/24  59  1997/05/28   4575   475  442  399   136    6   12    9
구자흥   07  1963/08/07  58  2010/04/05   1900   148  196  193   143   11    7    7
김동균   52  1975/08/24  45  2012/07/01   2474   251  213  229   260   36   28   29
김동철   53  1974/11/28  46  2016/03/16   1267    71  112  114   219   11   16   16
김윤섭   32  1968/09/20  52  1998/07/02   4909   316  401  417   133    4    5    8
김점오   17  1959/05/20  62  1987/07/10   8629   787  795  746   136   14   10    8
리카디   34  1968/03/02  53  2017/11/26    452    50   59   51   154   17   16   19
박대흥   18  1958/08/07  63  1997/05/28   6864   984  781  661   286   35   20   20
박병일   27  1964/04/26  57  2011/07/15   1745   150  171  162   171   12   17   13
박윤규   04  1966/09/26  54  2004/07/01   3968   308  341  363   179   19   10    9
박재우   50  1970/01/02  51  2011/01/26   2960   411  323  293   347   40   40   39
박종곤   01  1962/08/26  58  1997/09/04   4490   457  417  430   219   38   28   25
박천서   54  1963/06/08  58  2003/03/05   4282   411  404  405   175    9   10    9
박희철   15  1961/06/26  60  2002/07/01   5014   374  431  442   122    2    5   10
배대선   20  1960/04/02  61  1995/06/26   7666   847  816  805   250   10   13   24
배휴준   29  1966/09/25  54  2005/07/01   4398   312  363  383   192    4   12    9
서범석   12  1964/07/26  57  1999/07/01   4788   431  437  438   197   16   20   16
서인석   33  1968/11/20  52  2010/12/09   4263   390  431  406   398   39   40   37
서정하   43  1958/12/22  62  2004/09/01   2793   162  218  214    95    3    4    4
서홍수   24  1964/01/04  57  2008/09/24   2158   181  192  195   211   17   26   20
손영표   02  1966/11/14  54  2006/07/27   2804   226  216  196   136    5    6   11
송문길   40  1971/03/22  50  2013/07/01   2060   304  248  214   309   43   33   27
신삼영   41  1963/11/06  57  2010/07/01   2105   198  189  187   177    5   12    8
심승태   37  1978/02/14  43  2012/05/04   2184   168  206  193   115    2    1    6
안병기   22  1966/01/20  55  2008/07/01   3722   388  347  351   307   24   24   22
안해양   26  1961/07/24  60  1999/08/26   4188   372  329  353   188   12   12   15
우창구   05  1963/04/28  58  2008/07/01   3051   303  265  260   181   15   12   16
유재길   23  1961/07/16  60  2000/04/07   5542   406  430  475   148    3    7    7
이관호   42  1966/08/21  54  2013/11/01   2068   234  191  211   335   34   26   30
이신영   14  1980/04/12  41  2011/07/01   2383   318  205  231   202   23   13   12
이준철   48  1980/02/23  41  2021/07/01     13     3    2    2    13    3    2    2
이희영   13  1960/08/16  61  1986/12/04   8288   655  721  738   136    8   11   13
임봉춘   21  1959/04/14  62  2002/08/22   5016   407  424  501   294   23   28   22
임채덕   35  1970/07/09  51  2020/07/01    112     0    3    3   103    0    3    2
전승규   25  1963/10/04  57  2017/04/26    647   111   84   66   178   26   17   16
정호익   10  1965/03/05  56  2006/03/04   4780   494  504  494   297   39   33   34
조현수   11  1970/04/25  51  2018/07/01    657    28   44   55   239    9   10   17
지용철   49  1959/06/27  62  1986/11/20  12189   914 1063 1099   316   11   25   21
최봉주   16  1962/11/19  58  2007/03/08   2742   202  208  223   250   10   14   20
최상식   28  1960/02/25  61  1993/07/13   6098   466  500  523   161   12   15   14
최영주   03  1966/09/03  54  1997/11/19   4823   354  377  354   142    5    8   11
최용건   51  1967/08/09  54  2020/07/01    167    14   14   18   162   13   14   18
최용구   08  1965/10/08  55  2012/07/01   1623   190  169  148   175   15   13   14
토니     30  1974/04/10  47  2019/09/01    229    22   26   31   143   16   16   20
홍대유   06  1963/01/15  58  2006/07/01   3695   313  314  328   308   18   30   26
