-------------------------------------------------------------------------------------
조교사명 조  생년월일   나이 데뷔일자    총출전  1위  2위  3위 1년출전 1위  2위  3위 
-------------------------------------------------------------------------------------
강성오   09  1966/08/20  54  2018/07/01    299    39   33   23   117   15   16    9
강환민   31  1970/05/26  50  2017/07/01    617    87   74   69   158   20   15   14
곽영효   19  1961/09/24  59  1997/05/28   4495   470  436  394   104    3    8    7
구자흥   07  1963/08/07  57  2010/04/05   1820   141  194  191   111    8    9    8
김대근   48  1957/08/19  63  1986/07/30   8121   783  837  846   132   26   16   12
김동균   52  1975/08/24  45  2012/07/01   2321   228  194  210   194   25   15   21
김동철   53  1974/11/28  46  2016/03/16   1139    64  104  103   147    4   11   11
김윤섭   32  1968/09/20  52  1998/07/02   4829   314  399  412   103    5    4    5
김점오   17  1959/05/20  61  1987/07/10   8560   781  791  741   124   13   10    8
리카디   34  1968/03/02  52  2017/11/26    365    41   48   41   124   14   16   15
박대흥   18  1958/08/07  62  1997/05/28   6696   967  770  650   213   35   23   14
박병일   27  1964/04/26  56  2011/07/15   1646   139  160  153   148    9   13   15
박윤규   04  1966/09/26  54  2004/07/01   3874   297  336  359   156   10   16   14
박재우   50  1970/01/02  51  2011/01/26   2753   384  295  272   240   36   17   28
박종곤   01  1962/08/26  58  1997/09/04   4367   432  399  414   166   22   21   12
박천서   54  1963/06/08  57  2003/03/05   4187   406  402  401   133    5   13   10
박희철   15  1961/06/26  59  2002/07/01   4945   372  428  434   122    2    5    3
배대선   20  1960/04/02  60  1995/06/26   7527   841  810  791   209    9   18   21
배휴준   29  1966/09/25  54  2005/07/01   4282   309  355  376   147    4    6    3
서범석   12  1964/07/26  56  1999/07/01   4660   423  426  429   133   15   17   11
서인석   33  1968/11/20  52  2010/12/09   4026   365  405  390   309   29   25   34
서정하   43  1958/12/22  62  2004/09/01   2737   161  215  211    75    2    2    4
서홍수   24  1964/01/04  57  2008/09/24   2030   171  178  182   148   21   16   11
손영표   02  1966/11/14  54  2006/07/27   2715   221  210  189    92    3    5    6
송문길   40  1971/03/22  49  2013/07/01   1872   277  226  199   205   29   26   25
신삼영   41  1963/11/06  57  2010/07/01   2010   195  179  183   147    5   10    7
심승태   37  1978/02/14  42  2012/05/04   2123   167  205  190   126    2    6    6
안병기   22  1966/01/20  55  2008/07/01   3535   375  333  337   221   17   18   17
안해양   26  1961/07/24  59  1999/08/26   4070   368  322  343   117    9    7   10
우창구   05  1963/04/28  57  2008/07/01   2941   289  255  248   127    9    9    8
유재길   23  1961/07/16  59  2000/04/07   5454   404  425  469   122    2    3    6
이관호   42  1966/08/21  54  2013/11/01   1866   211  175  198   233   21   19   30
이신영   14  1980/04/12  40  2011/07/01   2253   309  198  221   141   20   13   16
이희영   13  1960/08/16  60  1986/12/04   8210   652  714  732   114    8    7   11
임봉춘   21  1959/04/14  61  2002/08/22   4831   392  405  486   194   16   16   17
임채덕   35  1970/07/09  50  2020/07/01     56     0    0    2    56    0    0    2
전승규   25  1963/10/04  57  2017/04/26    548    95   75   57   146   19   14   15
정호익   10  1965/03/05  55  2006/03/04   4609   476  486  477   219   30   26   22
조현수   11  1970/04/25  50  2018/07/01    516    24   40   45   185   11   15   19
지용철   49  1959/06/27  61  1986/11/20  12001   905 1050 1087   232    7   21   15
최봉주   16  1962/11/19  58  2007/03/08   2579   199  202  209   143    9   11    9
최상식   28  1960/02/25  60  1993/07/13   6001   459  491  516   122   11   12   11
최영주   03  1966/09/03  54  1997/11/19   4750   353  373  349   130   11    8   11
최용건   51  1967/08/09  53  2020/07/01     57     5    8    6    57    5    8    6
최용구   08  1965/10/08  55  2012/07/01   1531   183  164  141   152   13   15   14
토니     30  1974/04/10  46  2019/09/01    145    14   19   18   106   13   15   15
홍대유   06  1963/01/15  58  2006/07/01   3512   299  296  313   211   12   23   23
