-------------------------------------------------------------------------------------
조교사명 조  생년월일   나이 데뷔일자    총출전  1위  2위  3위 1년출전 1위  2위  3위 
-------------------------------------------------------------------------------------
강병은   13  1966/03/03  54  2004/03/02   3816   336  358  334   150    4    9   12
강은석   22  1971/11/10  49  2018/05/17    450    42   32   52   156   11   12   19
강형곤   02  1966/02/07  54  2004/03/02   4931   394  451  481   256   24   32   19
구영준   06  1972/06/08  48  2014/09/01   1529    90  115  145   166   11    6   18
권승주   33  1964/01/09  57  2012/03/03   3470   332  359  343   195   21   13   19
김길중   24  1963/03/28  57  2004/05/01   3485   221  287  300   196   14   15   15
김남중   10  1958/04/28  62  2004/03/02   3839   285  335  344   131    7    4    7
김병학   07  1960/03/15  60  2004/03/02   3662   232  262  302    91    3    9   10
김영관   19  1960/06/13  60  2004/03/02   5678  1287  792  630   250   49   32   28
김영민   11  1980/03/08  40  2020/04/10    102    10   20    6   102   10   20    6
김재섭   16  1963/09/23  57  2004/03/02   4822   538  446  438   162   12   11    8
라이스   31  1976/09/15  44  2013/11/29   1633   216  169  174   206   23   20   25
문제복   29  1965/02/01  55  2007/10/01   2508   212  205  223    67    3    3    3
민장기   21  1966/09/09  54  2004/05/01   4626   484  494  446   202   29   24   26
방동석   26  1967/12/09  53  2007/10/01   2750   249  250  292   144   25   12   16
백광열   01  1964/11/24  56  2004/03/02   6437   795  710  727   267   26   23   30
손병직   23  1973/11/14  47  2019/08/07    163    11   10    8   108    9    5    5
안우성   15  1974/01/18  46  2014/06/01   1549   206  191  187   202   19   26   24
양귀선   09  1961/11/10  59  2004/03/02   4412   281  325  377   241   32   25   15
울즐리   30  1962/12/24  58  2007/12/20   3214   578  420  339   196   27   28   22
유병복   05  1961/01/01  60  2004/03/02   4351   503  463  426   133    9    7    9
윤영훈   14  1965/03/03  55  2004/03/02   4305   280  347  356   107    3    7    6
이상영   27  1966/02/14  54  2007/10/01   3144   288  285  291   187   14   11   15
이정표   18  1965/03/02  55  2004/03/02   4028   181  261  314   148    2    7    4
임금만   04  1964/03/10  56  2004/03/02   4353   482  505  456   211   15   27   23
임동창   32  1960/05/05  60  2010/07/14   1912    84  103  143   135    9    5   11
장세한   17  1963/06/12  57  2004/03/02   4521   306  342  406   165    5   12   12
조용배   12  1967/03/16  53  2004/03/02   4648   215  287  357   174    3    6   10
최기홍   20  1964/11/09  56  2004/03/02   4258   372  384  374   141    7    2    8
토마스   08  1982/03/05  38  2015/06/01   1479   214  211  159   245   26   35   26
하무선   28  1968/06/15  52  2007/10/01   2195   123  137  179     6    0    0    0
