-------------------------------------------------------------------------------------
조교사명 조  생년월일   나이 데뷔일자    총출전  1위  2위  3위 1년출전 1위  2위  3위 
-------------------------------------------------------------------------------------
강성오   09  1966/08/20  54  2018/07/01    363    44   42   26   167   17   21   11
강환민   31  1970/05/26  50  2017/07/01    682    96   83   76   204   24   24   19
곽영효   19  1961/09/24  59  1997/05/28   4538   472  438  396   135    5   10    9
구자흥   07  1963/08/07  57  2010/04/05   1867   143  196  192   147    8   11    8
김대근   48  1957/08/19  63  1986/07/30   8164   789  842  850   156   30   19   15
김동균   52  1975/08/24  45  2012/07/01   2398   237  208  219   246   29   26   28
김동철   53  1974/11/28  46  2016/03/16   1199    66  109  106   193    6   16   12
김윤섭   32  1968/09/20  52  1998/07/02   4867   314  400  416   126    4    4    9
김점오   17  1959/05/20  62  1987/07/10   8599   784  791  744   151   16   10    9
리카디   34  1968/03/02  53  2017/11/26    411    46   53   47   151   19   17   19
박대흥   18  1958/08/07  62  1997/05/28   6787   977  776  657   274   40   23   20
박병일   27  1964/04/26  57  2011/07/15   1702   143  162  158   177   12   11   16
박윤규   04  1966/09/26  54  2004/07/01   3926   302  338  361   187   15   14   14
박재우   50  1970/01/02  51  2011/01/26   2865   400  314  281   321   44   36   33
박종곤   01  1962/08/26  58  1997/09/04   4437   446  410  423   218   32   29   20
박천서   54  1963/06/08  57  2003/03/05   4245   408  402  405   173    6   12   12
박희철   15  1961/06/26  59  2002/07/01   4979   372  428  437   133    0    4    6
배대선   20  1960/04/02  61  1995/06/26   7604   842  812  798   264    9   17   24
배휴준   29  1966/09/25  54  2005/07/01   4348   310  360  377   188    4   11    4
서범석   12  1964/07/26  56  1999/07/01   4732   428  431  434   185   19   20   14
서인석   33  1968/11/20  52  2010/12/09   4155   374  416  401   396   30   34   43
서정하   43  1958/12/22  62  2004/09/01   2766   162  217  212    94    3    4    4
서홍수   24  1964/01/04  57  2008/09/24   2092   175  183  186   195   22   20   14
손영표   02  1966/11/14  54  2006/07/27   2761   223  212  194   124    4    7   11
송문길   40  1971/03/22  50  2013/07/01   1980   297  238  207   288   47   36   28
신삼영   41  1963/11/06  57  2010/07/01   2063   195  183  185   184    4   13    8
심승태   37  1978/02/14  43  2012/05/04   2157   167  205  193   139    2    5    8
안병기   22  1966/01/20  55  2008/07/01   3633   383  340  342   292   23   22   21
안해양   26  1961/07/24  59  1999/08/26   4129   370  325  347   163   11   10   12
우창구   05  1963/04/28  58  2008/07/01   2994   294  257  257   161   12   10   16
유재길   23  1961/07/16  59  2000/04/07   5499   405  428  473   151    3    5   10
이관호   42  1966/08/21  54  2013/11/01   1975   222  180  203   311   31   20   29
이신영   14  1980/04/12  41  2011/07/01   2323   315  202  226   185   26   14   15
이희영   13  1960/08/16  60  1986/12/04   8255   654  718  735   145    9   10   14
임봉춘   21  1959/04/14  62  2002/08/22   4929   399  415  493   265   20   24   18
임채덕   35  1970/07/09  50  2020/07/01     84     0    1    2    84    0    1    2
전승규   25  1963/10/04  57  2017/04/26    603   105   80   63   182   28   17   18
정호익   10  1965/03/05  56  2006/03/04   4702   485  497  484   286   36   34   27
조현수   11  1970/04/25  51  2018/07/01    592    27   42   52   241   13   16   25
지용철   49  1959/06/27  61  1986/11/20  12093   909 1059 1093   300   10   27   21
최봉주   16  1962/11/19  58  2007/03/08   2668   201  205  219   217   10   14   18
최상식   28  1960/02/25  61  1993/07/13   6053   465  496  520   157   14   15   13
최영주   03  1966/09/03  54  1997/11/19   4799   354  374  352   158   10    6   14
최용건   51  1967/08/09  53  2020/07/01    105    10   10   11   105   10   10   11
최용구   08  1965/10/08  55  2012/07/01   1579   188  166  144   181   18   15   17
토니     30  1974/04/10  47  2019/09/01    191    15   22   23   141   12   17   19
홍대유   06  1963/01/15  58  2006/07/01   3612   305  306  317   290   18   30   23
