-------------------------------------------------------------------------------------
조교사명 조  생년월일   나이 데뷔일자    총출전  1위  2위  3위 1년출전 1위  2위  3위 
-------------------------------------------------------------------------------------
강성오   09  1966/08/20  55  2018/07/01    429    51   50   34   193   20   25   14
강환민   31  1970/05/26  51  2017/07/01    741   101   89   82   204   22   25   20
곽영효   19  1961/09/24  59  1997/05/28   4579   476  442  399   129    7   10    8
구자흥   07  1963/08/07  58  2010/04/05   1902   148  196  193   135   10    5    6
김동균   52  1975/08/24  46  2012/07/01   2492   256  214  230   268   40   27   30
김동철   53  1974/11/28  46  2016/03/16   1279    72  113  114   217   11   17   16
김윤섭   32  1968/09/20  52  1998/07/02   4911   316  401  417   127    4    5    7
김점오   17  1959/05/20  62  1987/07/10   8632   788  795  746   127   14    9    8
리카디   34  1968/03/02  53  2017/11/26    459    52   60   53   150   16   15   18
박대흥   18  1958/08/07  63  1997/05/28   6879   987  784  664   287   36   21   21
박병일   27  1964/04/26  57  2011/07/15   1755   151  171  162   175   13   17   13
박윤규   04  1966/09/26  54  2004/07/01   3975   308  342  366   171   16   10   12
박재우   50  1970/01/02  51  2011/01/26   2974   411  326  294   340   37   42   36
박종곤   01  1962/08/26  59  1997/09/04   4505   460  418  433   218   39   24   27
박천서   54  1963/06/08  58  2003/03/05   4290   412  404  406   174    9    9   10
박희철   15  1961/06/26  60  2002/07/01   5019   374  432  442   117    2    4   10
배대선   20  1960/04/02  61  1995/06/26   7680   847  817  807   245    9   11   22
배휴준   29  1966/09/25  54  2005/07/01   4404   312  363  383   185    4   12    9
서범석   12  1964/07/26  57  1999/07/01   4798   431  440  438   197   13   22   16
서인석   33  1968/11/20  52  2010/12/09   4278   392  431  406   392   37   39   34
서정하   43  1958/12/22  62  2004/09/01   2795   162  218  215    89    2    4    5
서홍수   24  1964/01/04  57  2008/09/24   2169   181  193  196   211   17   25   20
손영표   02  1966/11/14  54  2006/07/27   2811   226  216  196   136    5    6   10
송문길   40  1971/03/22  50  2013/07/01   2073   305  248  216   303   42   30   27
신삼영   41  1963/11/06  57  2010/07/01   2111   198  189  187   171    3   12    8
심승태   37  1978/02/14  43  2012/05/04   2187   168  206  193   107    2    1    6
안병기   22  1966/01/20  55  2008/07/01   3736   389  348  351   303   21   25   20
안해양   26  1961/07/24  60  1999/08/26   4194   372  331  353   185   12   13   15
우창구   05  1963/04/28  58  2008/07/01   3061   305  266  261   182   17   13   16
유재길   23  1961/07/16  60  2000/04/07   5550   406  430  475   142    3    7    7
이관호   42  1966/08/21  55  2013/11/01   2081   235  192  213   330   33   26   27
이신영   14  1980/04/12  41  2011/07/01   2392   319  207  231   197   20   15   12
이준철   48  1980/02/23  41  2021/07/01     20     4    4    2    20    4    4    2
이희영   13  1960/08/16  61  1986/12/04   8292   655  721  738   131    7   11   13
임봉춘   21  1959/04/14  62  2002/08/22   5027   407  426  504   289   21   29   23
임채덕   35  1970/07/09  51  2020/07/01    118     1    3    4   101    1    3    2
전승규   25  1963/10/04  57  2017/04/26    654   112   85   67   178   27   17   14
정호익   10  1965/03/05  56  2006/03/04   4790   495  505  494   287   40   34   33
조현수   11  1970/04/25  51  2018/07/01    667    28   45   56   231    8    9   16
지용철   49  1959/06/27  62  1986/11/20  12203   914 1064 1101   306   10   23   21
최봉주   16  1962/11/19  58  2007/03/08   2753   203  208  223   249   11   12   18
최상식   28  1960/02/25  61  1993/07/13   6103   466  501  523   159   12   16   13
최영주   03  1966/09/03  54  1997/11/19   4828   354  377  355   138    5    7   10
최용건   51  1967/08/09  54  2020/07/01    175    16   14   19   166   15   13   19
최용구   08  1965/10/08  55  2012/07/01   1628   190  169  149   169   13   12   14
토니     30  1974/04/10  47  2019/09/01    237    22   27   32   140   14   14   20
홍대유   06  1963/01/15  58  2006/07/01   3706   315  315  328   300   20   29   23
