-------------------------------------------------------------------------------------
조교사명 조  생년월일   나이 데뷔일자    총출전  1위  2위  3위 1년출전 1위  2위  3위 
-------------------------------------------------------------------------------------
강은석   22  1971/11/10  50  2018/05/17    710    60   56   72   295   19   26   27
강형곤   02  1966/02/07  55  2004/03/02   5278   421  485  506   387   32   38   29
구민성   10  1978/08/11  43  2021/07/01     56     4    2    3    56    4    2    3
구영준   06  1972/06/08  49  2014/09/01   1740    97  124  161   234    7   11   18
권승주   33  1964/01/09  57  2012/03/03   3780   368  382  373   336   39   24   34
김길중   24  1963/03/28  58  2004/05/01   3702   234  296  310   250   15   11   13
김병학   07  1960/03/15  61  2004/03/02   3832   244  277  316   191   13   16   14
김영관   19  1960/06/13  61  2004/03/02   5982  1345  819  666   348   60   30   42
김영민   11  1980/03/08  41  2020/04/10    112    11   21    6    36    5    6    1
김재섭   16  1963/09/23  58  2004/03/02   5041   553  469  459   251   15   25   26
라이스   31  1976/09/15  45  2013/11/29   1899   258  195  201   304   45   27   29
민장기   21  1966/09/09  55  2004/05/01   4889   515  524  472   297   37   33   28
박재호   13  1978/09/20  43  2021/09/29      6     0    1    1     6    0    1    1
방동석   26  1967/12/09  53  2007/10/01   2945   271  269  302   218   26   22   11
백광열   01  1964/11/24  57  2004/03/02   6814   843  748  772   415   51   39   47
손병직   23  1973/11/14  48  2019/08/07    172    13   10    8    25    4    0    1
안우성   15  1974/01/18  47  2014/06/01   1802   225  220  209   283   22   35   26
양귀선   09  1961/11/10  60  2004/03/02   4713   306  351  409   327   28   32   33
울즐리   30  1962/12/24  58  2007/12/20   3473   607  459  364   291   32   40   28
유병복   05  1961/01/01  60  2004/03/02   4480   508  468  435   152    7    5    9
윤영훈   14  1965/03/03  56  2004/03/02   4465   290  357  366   174   10   11   11
이상영   27  1966/02/14  55  2007/10/01   3301   293  293  302   182    8   10   12
이정표   18  1965/03/02  56  2004/03/02   4212   182  266  315   202    1    5    1
임금만   04  1964/03/10  57  2004/03/02   4603   501  530  477   288   22   31   24
임동창   32  1960/05/05  61  2010/07/14   2078    92  112  153   185    9   10   10
장세한   17  1963/06/12  58  2004/03/02   4714   310  349  420   216    4    8   15
조용배   12  1967/03/16  54  2004/03/02   4873   218  295  369   246    4    8   14
최기홍   20  1964/11/09  57  2004/03/02   4373   383  392  382   138   12    9    9
토마스   08  1982/03/05  39  2015/06/01   1793   247  249  195   355   35   44   38
하무선   28  1968/06/15  53  2007/10/01   2243   125  139  181    52    2    2    2
