-------------------------------------------------------------------------------------
조교사명 조  생년월일   나이 데뷔일자    총출전  1위  2위  3위 1년출전 1위  2위  3위 
-------------------------------------------------------------------------------------
강성오   09  1966/08/20  54  2018/07/01    347    42   39   26   151   15   18   11
강환민   31  1970/05/26  50  2017/07/01    671    95   81   76   193   23   22   19
곽영효   19  1961/09/24  59  1997/05/28   4531   472  438  396   128    5   10    9
구자흥   07  1963/08/07  57  2010/04/05   1857   143  194  192   137    8    9    8
김대근   48  1957/08/19  63  1986/07/30   8157   786  841  849   149   27   18   14
김동균   52  1975/08/24  45  2012/07/01   2384   237  206  218   232   29   24   27
김동철   53  1974/11/28  46  2016/03/16   1188    65  109  105   182    5   16   11
김윤섭   32  1968/09/20  52  1998/07/02   4860   314  400  415   119    4    4    8
김점오   17  1959/05/20  61  1987/07/10   8588   783  791  742   140   15   10    7
리카디   34  1968/03/02  53  2017/11/26    399    43   52   46   139   16   16   18
박대흥   18  1958/08/07  62  1997/05/28   6774   975  775  655   261   38   22   18
박병일   27  1964/04/26  57  2011/07/15   1691   142  162  156   166   11   11   14
박윤규   04  1966/09/26  54  2004/07/01   3916   302  338  361   177   15   14   14
박재우   50  1970/01/02  51  2011/01/26   2841   397  309  278   297   41   31   30
박종곤   01  1962/08/26  58  1997/09/04   4424   444  404  423   205   30   23   20
박천서   54  1963/06/08  57  2003/03/05   4235   407  402  403   163    5   12   10
박희철   15  1961/06/26  59  2002/07/01   4974   372  428  435   128    0    4    4
배대선   20  1960/04/02  61  1995/06/26   7586   841  811  795   246    8   16   21
배휴준   29  1966/09/25  54  2005/07/01   4332   310  358  377   172    4    9    4
서범석   12  1964/07/26  56  1999/07/01   4713   427  430  433   166   18   19   13
서인석   33  1968/11/20  52  2010/12/09   4126   371  414  396   367   27   32   38
서정하   43  1958/12/22  62  2004/09/01   2759   162  217  212    87    3    4    4
서홍수   24  1964/01/04  57  2008/09/24   2075   174  182  186   178   21   19   14
손영표   02  1966/11/14  54  2006/07/27   2753   223  212  192   116    4    7    9
송문길   40  1971/03/22  50  2013/07/01   1958   295  237  207   266   45   35   28
신삼영   41  1963/11/06  57  2010/07/01   2056   195  182  185   177    4   12    8
심승태   37  1978/02/14  43  2012/05/04   2145   167  205  191   127    2    5    6
안병기   22  1966/01/20  55  2008/07/01   3608   383  337  341   267   23   19   20
안해양   26  1961/07/24  59  1999/08/26   4119   370  324  347   153   11    9   12
우창구   05  1963/04/28  58  2008/07/01   2981   291  257  256   148    9   10   15
유재길   23  1961/07/16  59  2000/04/07   5487   404  427  472   139    2    4    9
이관호   42  1966/08/21  54  2013/11/01   1949   220  180  201   285   29   20   27
이신영   14  1980/04/12  41  2011/07/01   2310   313  201  225   172   24   13   14
이희영   13  1960/08/16  60  1986/12/04   8241   654  717  734   131    9    9   13
임봉춘   21  1959/04/14  62  2002/08/22   4901   395  412  490   237   16   21   15
임채덕   35  1970/07/09  50  2020/07/01     81     0    0    2    81    0    0    2
전승규   25  1963/10/04  57  2017/04/26    595   103   79   62   174   26   16   17
정호익   10  1965/03/05  56  2006/03/04   4685   484  495  482   269   35   32   25
조현수   11  1970/04/25  51  2018/07/01    574    25   41   51   223   11   15   24
지용철   49  1959/06/27  61  1986/11/20  12069   907 1056 1092   276    8   24   20
최봉주   16  1962/11/19  58  2007/03/08   2645   200  205  219   194    9   14   18
최상식   28  1960/02/25  61  1993/07/13   6039   463  495  520   143   12   14   13
최영주   03  1966/09/03  54  1997/11/19   4788   354  373  351   147   10    5   13
최용건   51  1967/08/09  53  2020/07/01     93    10   10    8    93   10   10    8
최용구   08  1965/10/08  55  2012/07/01   1564   186  165  143   166   16   14   16
토니     30  1974/04/10  47  2019/09/01    180    15   21   20   130   12   16   16
홍대유   06  1963/01/15  58  2006/07/01   3593   303  306  317   271   16   30   23
