-------------------------------------------------------------------------------------
조교사명 조  생년월일   나이 데뷔일자    총출전  1위  2위  3위 1년출전 1위  2위  3위 
-------------------------------------------------------------------------------------
강성오   09  1966/08/20  54  2018/07/01    392    47   47   28   186   18   25   12
강환민   31  1970/05/26  51  2017/07/01    714    98   86   78   218   24   26   20
곽영효   19  1961/09/24  59  1997/05/28   4557   475  440  396   145    7   12    9
구자흥   07  1963/08/07  57  2010/04/05   1887   146  196  192   162   11   11    7
김동균   52  1975/08/24  45  2012/07/01   2438   247  211  224   271   37   29   31
김동철   53  1974/11/28  46  2016/03/16   1239    68  109  110   224    8   15   16
김윤섭   32  1968/09/20  52  1998/07/02   4889   315  401  416   139    4    5    9
김점오   17  1959/05/20  62  1987/07/10   8615   785  793  745   157   17   10    9
리카디   34  1968/03/02  53  2017/11/26    434    50   56   50   160   22   18   20
박대흥   18  1958/08/07  62  1997/05/28   6833   982  781  659   295   40   25   21
박병일   27  1964/04/26  57  2011/07/15   1730   147  168  160   188   15   15   15
박윤규   04  1966/09/26  54  2004/07/01   3947   304  341  363   193   17   15   15
박재우   50  1970/01/02  51  2011/01/26   2916   406  317  287   351   45   37   37
박종곤   01  1962/08/26  58  1997/09/04   4465   453  413  426   227   36   30   23
박천서   54  1963/06/08  58  2003/03/05   4264   409  403  405   180    7   11   11
박희철   15  1961/06/26  60  2002/07/01   5001   373  430  441   144    1    5   10
배대선   20  1960/04/02  61  1995/06/26   7639   846  814  801   276   12   17   24
배휴준   29  1966/09/25  54  2005/07/01   4381   311  362  382   204    4   13    8
서범석   12  1964/07/26  56  1999/07/01   4769   429  437  437   209   18   25   16
서인석   33  1968/11/20  52  2010/12/09   4213   380  425  403   429   34   42   42
서정하   43  1958/12/22  62  2004/09/01   2782   162  217  213   103    3    3    4
서홍수   24  1964/01/04  57  2008/09/24   2126   180  186  190   215   26   23   17
손영표   02  1966/11/14  54  2006/07/27   2783   225  213  196   140    5    7   12
송문길   40  1971/03/22  50  2013/07/01   2027   302  243  211   319   49   38   30
신삼영   41  1963/11/06  57  2010/07/01   2085   198  186  186   198    7   16    9
심승태   37  1978/02/14  43  2012/05/04   2176   167  206  193   145    2    4    7
안병기   22  1966/01/20  55  2008/07/01   3679   383  345  349   318   23   26   26
안해양   26  1961/07/24  59  1999/08/26   4158   371  326  350   184   12   10   15
우창구   05  1963/04/28  58  2008/07/01   3025   301  261  259   183   18   13   16
유재길   23  1961/07/16  59  2000/04/07   5524   406  430  474   158    4    7    9
이관호   42  1966/08/21  54  2013/11/01   2027   227  183  209   340   33   22   34
이신영   14  1980/04/12  41  2011/07/01   2353   317  203  230   203   27   15   16
이준철   48  1980/02/23  41  2021/07/01      0     0    0    0     0    0    0    0
이희영   13  1960/08/16  60  1986/12/04   8272   654  719  736   150    9   10   15
임봉춘   21  1959/04/14  62  2002/08/22   4980   403  421  498   294   21   29   23
임채덕   35  1970/07/09  50  2020/07/01     98     0    2    3    98    0    2    3
전승규   25  1963/10/04  57  2017/04/26    626   107   83   65   191   29   20   18
정호익   10  1965/03/05  56  2006/03/04   4747   489  501  492   307   39   34   34
조현수   11  1970/04/25  51  2018/07/01    634    28   44   52   258   14   16   22
지용철   49  1959/06/27  62  1986/11/20  12148   911 1060 1097   330   11   26   23
최봉주   16  1962/11/19  58  2007/03/08   2714   202  207  220   251   11   15   17
최상식   28  1960/02/25  61  1993/07/13   6079   465  500  523   166   13   17   15
최영주   03  1966/09/03  54  1997/11/19   4815   354  377  353   165   10    8   14
최용건   51  1967/08/09  53  2020/07/01    136    12   11   13   136   12   11   13
최용구   08  1965/10/08  55  2012/07/01   1602   189  167  147   194   18   13   19
토니     30  1974/04/10  47  2019/09/01    215    18   26   28   151   15   19   22
홍대유   06  1963/01/15  58  2006/07/01   3657   309  308  321   318   18   31   24
