-------------------------------------------------------------------------------------
조교사명 조  생년월일   나이 데뷔일자    총출전  1위  2위  3위 1년출전 1위  2위  3위 
-------------------------------------------------------------------------------------
강은석   22  1971/11/10  49  2018/05/17    621    53   45   62   253   15   20   18
강형곤   02  1966/02/07  55  2004/03/02   5164   414  476  502   354   33   42   29
구민성   10  1978/08/11  43  2021/07/01      5     0    0    1     5    0    0    1
구영준   06  1972/06/08  49  2014/09/01   1666    95  118  155   205   10    6   18
권승주   33  1964/01/09  57  2012/03/03   3671   359  376  357   291   37   24   22
김길중   24  1963/03/28  58  2004/05/01   3631   233  295  307   239   14   16   18
김병학   07  1960/03/15  61  2004/03/02   3777   239  271  311   175    9   14   17
김영관   19  1960/06/13  61  2004/03/02   5872  1324  805  655   306   55   25   37
김영민   11  1980/03/08  41  2020/04/10    112    11   21    6    68    6   12    3
김재섭   16  1963/09/23  57  2004/03/02   4938   545  461  448   206   10   20   17
라이스   31  1976/09/15  44  2013/11/29   1805   247  187  190   264   41   26   25
문제복   29  1965/02/01  56  2007/10/01   2617   213  208  229   161    3    5    8
민장기   21  1966/09/09  54  2004/05/01   4806   505  518  465   278   40   35   29
방동석   26  1967/12/09  53  2007/10/01   2877   262  262  297   194   27   20   10
백광열   01  1964/11/24  56  2004/03/02   6688   823  737  759   373   43   33   44
손병직   23  1973/11/14  47  2019/08/07    172    13   10    8    59    6    3    2
안우성   15  1974/01/18  47  2014/06/01   1723   219  207  206   269   21   32   31
양귀선   09  1961/11/10  59  2004/03/02   4616   296  345  394   308   33   34   24
울즐리   30  1962/12/24  58  2007/12/20   3379   598  447  361   242   30   36   30
유병복   05  1961/01/01  60  2004/03/02   4464   507  467  435   176    9    6   10
윤영훈   14  1965/03/03  56  2004/03/02   4416   287  354  362   160    9    9   10
이상영   27  1966/02/14  55  2007/10/01   3250   290  288  297   185    9    8   12
이정표   18  1965/03/02  56  2004/03/02   4163   181  263  314   205    1    3    1
임금만   04  1964/03/10  57  2004/03/02   4512   496  524  471   268   21   36   27
임동창   32  1960/05/05  61  2010/07/14   2024    88  108  150   176    8    7   14
장세한   17  1963/06/12  58  2004/03/02   4654   309  346  414   212    6    7   14
조용배   12  1967/03/16  54  2004/03/02   4802   218  291  365   235    5    6   13
최기홍   20  1964/11/09  56  2004/03/02   4340   378  390  380   140    8    7    9
토마스   08  1982/03/05  39  2015/06/01   1679   232  233  179   325   27   38   30
하무선   28  1968/06/15  53  2007/10/01   2232   123  139  180    43    0    2    1
