-------------------------------------------------------------------------------------
조교사명 조  생년월일   나이 데뷔일자    총출전  1위  2위  3위 1년출전 1위  2위  3위 
-------------------------------------------------------------------------------------
강병은   13  1966/03/03  55  2004/03/02   3862   337  360  336   162    5    7   12
강은석   22  1971/11/10  49  2018/05/17    523    47   35   56   204   13   13   19
강형곤   02  1966/02/07  55  2004/03/02   5032   405  460  491   299   29   35   24
구영준   06  1972/06/08  48  2014/09/01   1586    91  116  150   180    9    6   18
권승주   33  1964/01/09  57  2012/03/03   3556   343  369  347   236   30   20   20
김길중   24  1963/03/28  58  2004/05/01   3564   227  289  304   237   14   14   17
김남중   10  1958/04/28  63  2004/03/02   3890   286  337  351   154    8    5   10
김병학   07  1960/03/15  61  2004/03/02   3717   236  266  305   146    7   13   13
김영관   19  1960/06/13  60  2004/03/02   5761  1301  796  640   284   53   32   33
김영민   11  1980/03/08  41  2020/04/10    112    11   21    6   112   11   21    6
김재섭   16  1963/09/23  57  2004/03/02   4880   541  450  443   196    9   15   12
라이스   31  1976/09/15  44  2013/11/29   1704   222  178  179   240   25   27   26
문제복   29  1965/02/01  56  2007/10/01   2560   213  206  225   119    4    4    5
민장기   21  1966/09/09  54  2004/05/01   4716   497  508  455   243   37   34   28
방동석   26  1967/12/09  53  2007/10/01   2813   257  256  296   178   27   17   17
백광열   01  1964/11/24  56  2004/03/02   6547   807  719  743   326   34   26   41
손병직   23  1973/11/14  47  2019/08/07    172    13   10    8    91    9    5    3
안우성   15  1974/01/18  47  2014/06/01   1625   215  199  193   233   24   28   27
양귀선   09  1961/11/10  59  2004/03/02   4499   288  338  386   268   32   32   22
울즐리   30  1962/12/24  58  2007/12/20   3280   587  429  347   215   31   28   24
유병복   05  1961/01/01  60  2004/03/02   4403   504  465  431   158    8    8    8
윤영훈   14  1965/03/03  56  2004/03/02   4360   284  351  356   133    6    7    6
이상영   27  1966/02/14  55  2007/10/01   3203   288  287  291   206   11    8   10
이정표   18  1965/03/02  56  2004/03/02   4081   181  262  314   163    2    3    2
임금만   04  1964/03/10  57  2004/03/02   4429   488  514  465   249   18   31   28
임동창   32  1960/05/05  60  2010/07/14   1960    86  107  146   157   10    8   13
장세한   17  1963/06/12  57  2004/03/02   4585   307  343  411   193    4   12   16
조용배   12  1967/03/16  54  2004/03/02   4717   215  289  360   204    2    5   11
최기홍   20  1964/11/09  56  2004/03/02   4294   374  386  376   136    8    4    6
토마스   08  1982/03/05  39  2015/06/01   1559   221  220  167   285   31   39   30
하무선   28  1968/06/15  52  2007/10/01   2215   123  138  179    26    0    1    0
