-------------------------------------------------------------------------------------
조교사명 조  생년월일   나이 데뷔일자    총출전  1위  2위  3위 1년출전 1위  2위  3위 
-------------------------------------------------------------------------------------
강은석   22  1971/11/10  50  2018/05/17    695    58   54   70   289   17   25   25
강형곤   02  1966/02/07  55  2004/03/02   5262   421  484  506   386   33   39   30
구민성   10  1978/08/11  43  2021/07/01     43     3    2    1    43    3    2    1
구영준   06  1972/06/08  49  2014/09/01   1732    97  123  161   239    9   10   18
권승주   33  1964/01/09  57  2012/03/03   3756   366  380  371   329   38   23   33
김길중   24  1963/03/28  58  2004/05/01   3690   234  296  309   249   15   12   15
김병학   07  1960/03/15  61  2004/03/02   3822   244  277  314   190   14   18   13
김영관   19  1960/06/13  61  2004/03/02   5969  1343  817  665   351   59   30   44
김영민   11  1980/03/08  41  2020/04/10    112    11   21    6    40    6    7    1
김재섭   16  1963/09/23  58  2004/03/02   5029   552  467  458   246   14   23   25
라이스   31  1976/09/15  45  2013/11/29   1888   257  195  200   306   45   28   29
민장기   21  1966/09/09  55  2004/05/01   4873   514  523  470   292   40   34   28
박재호   13  1978/09/20  43  2021/09/29      2     0    0    1     2    0    0    1
방동석   26  1967/12/09  53  2007/10/01   2937   270  269  302   219   27   22   11
백광열   01  1964/11/24  56  2004/03/02   6795   841  746  772   411   51   37   47
손병직   23  1973/11/14  48  2019/08/07    172    13   10    8    34    4    0    1
안우성   15  1974/01/18  47  2014/06/01   1786   221  219  207   279   20   36   26
양귀선   09  1961/11/10  60  2004/03/02   4699   303  351  407   331   28   35   33
울즐리   30  1962/12/24  58  2007/12/20   3456   605  458  364   288   33   40   30
유병복   05  1961/01/01  60  2004/03/02   4480   508  468  435   161    7    6    9
윤영훈   14  1965/03/03  56  2004/03/02   4455   290  355  364   171   10   10    9
이상영   27  1966/02/14  55  2007/10/01   3290   292  291  301   181    8    8   12
이정표   18  1965/03/02  56  2004/03/02   4204   182  265  315   206    1    4    1
임금만   04  1964/03/10  57  2004/03/02   4586   500  529  474   288   22   35   23
임동창   32  1960/05/05  61  2010/07/14   2067    90  112  152   183    7   10   11
장세한   17  1963/06/12  58  2004/03/02   4707   310  349  419   220    4    9   14
조용배   12  1967/03/16  54  2004/03/02   4862   218  295  369   250    5    9   15
최기홍   20  1964/11/09  57  2004/03/02   4369   382  392  382   142   11    9   10
토마스   08  1982/03/05  39  2015/06/01   1778   247  245  194   361   37   41   38
하무선   28  1968/06/15  53  2007/10/01   2240   124  139  180    51    1    2    1
