-------------------------------------------------------------------------------------
조교사명 조  생년월일   나이 데뷔일자    총출전  1위  2위  3위 1년출전 1위  2위  3위 
-------------------------------------------------------------------------------------
강성오   09  1966/08/20  54  2018/07/01    306    39   35   23   123   15   17    9
강환민   31  1970/05/26  50  2017/07/01    621    88   74   69   156   18   15   14
곽영효   19  1961/09/24  59  1997/05/28   4501   470  437  395   107    3    9    8
구자흥   07  1963/08/07  57  2010/04/05   1824   142  194  191   112    8    9    8
김대근   48  1957/08/19  63  1986/07/30   8123   783  837  846   126   26   16   11
김동균   52  1975/08/24  45  2012/07/01   2327   229  195  210   187   25   14   20
김동철   53  1974/11/28  46  2016/03/16   1141    64  104  103   145    4   11   11
김윤섭   32  1968/09/20  52  1998/07/02   4831   314  399  412   100    5    4    5
김점오   17  1959/05/20  61  1987/07/10   8562   781  791  741   124   13   10    8
리카디   34  1968/03/02  52  2017/11/26    366    41   48   42   121   14   16   15
박대흥   18  1958/08/07  62  1997/05/28   6704   969  771  650   212   36   21   13
박병일   27  1964/04/26  56  2011/07/15   1647   139  160  153   141    9   12   12
박윤규   04  1966/09/26  54  2004/07/01   3878   297  336  359   153   10   14   13
박재우   50  1970/01/02  51  2011/01/26   2761   384  296  273   235   30   18   29
박종곤   01  1962/08/26  58  1997/09/04   4372   433  401  415   165   22   22   13
박천서   54  1963/06/08  57  2003/03/05   4189   406  402  402   133    5   13   11
박희철   15  1961/06/26  59  2002/07/01   4948   372  428  434   120    1    5    3
배대선   20  1960/04/02  60  1995/06/26   7532   841  810  792   209    9   18   21
배휴준   29  1966/09/25  54  2005/07/01   4287   309  355  376   145    4    6    3
서범석   12  1964/07/26  56  1999/07/01   4662   423  426  429   128   15   16   10
서인석   33  1968/11/20  52  2010/12/09   4036   365  407  392   307   26   27   35
서정하   43  1958/12/22  62  2004/09/01   2739   161  215  211    72    2    2    4
서홍수   24  1964/01/04  57  2008/09/24   2033   171  180  182   145   20   17   10
손영표   02  1966/11/14  54  2006/07/27   2720   221  211  189    95    3    6    6
송문길   40  1971/03/22  49  2013/07/01   1882   280  227  200   208   32   27   25
신삼영   41  1963/11/06  57  2010/07/01   2014   195  179  183   147    5   10    7
심승태   37  1978/02/14  43  2012/05/04   2125   167  205  190   121    2    6    6
안병기   22  1966/01/20  55  2008/07/01   3541   376  333  337   219   17   17   17
안해양   26  1961/07/24  59  1999/08/26   4071   368  322  343   115    9    7    9
우창구   05  1963/04/28  57  2008/07/01   2944   289  255  249   128    9    9    9
유재길   23  1961/07/16  59  2000/04/07   5457   404  425  470   118    2    3    7
이관호   42  1966/08/21  54  2013/11/01   1875   212  175  200   231   21   17   31
이신영   14  1980/04/12  40  2011/07/01   2260   309  198  222   139   20   12   15
이희영   13  1960/08/16  60  1986/12/04   8211   652  714  732   113    8    7   11
임봉춘   21  1959/04/14  61  2002/08/22   4840   392  405  486   194   14   16   15
임채덕   35  1970/07/09  50  2020/07/01     58     0    0    2    58    0    0    2
전승규   25  1963/10/04  57  2017/04/26    551    96   75   58   144   20   13   15
정호익   10  1965/03/05  55  2006/03/04   4617   478  486  477   222   32   25   21
조현수   11  1970/04/25  50  2018/07/01    522    24   40   45   186   10   15   19
지용철   49  1959/06/27  61  1986/11/20  12005   905 1051 1087   229    7   20   15
최봉주   16  1962/11/19  58  2007/03/08   2582   199  202  209   141    9   11    9
최상식   28  1960/02/25  60  1993/07/13   6004   459  491  516   120   11   11   11
최영주   03  1966/09/03  54  1997/11/19   4751   353  373  349   128   11    7   11
최용건   51  1967/08/09  53  2020/07/01     59     5    8    6    59    5    8    6
최용구   08  1965/10/08  55  2012/07/01   1536   184  164  141   151   14   15   14
토니     30  1974/04/10  46  2019/09/01    150    14   19   18   108   12   15   15
홍대유   06  1963/01/15  58  2006/07/01   3519   299  296  313   210   12   22   20
