-------------------------------------------------------------------------------------
조교사명 조  생년월일   나이 데뷔일자    총출전  1위  2위  3위 1년출전 1위  2위  3위 
-------------------------------------------------------------------------------------
강성오   09  1966/08/20  55  2018/07/01    473    56   54   40   209   23   26   19
강환민   31  1970/05/26  51  2017/07/01    792   106   94   85   220   24   26   20
곽영효   19  1961/09/24  60  1997/05/28   4615   478  450  402   137    8   15    9
구자흥   07  1963/08/07  58  2010/04/05   1939   150  199  195   143   10    6    6
김동균   52  1975/08/24  46  2012/07/01   2576   265  221  234   309   44   31   31
김동철   53  1974/11/28  47  2016/03/16   1332    76  116  116   229   14   14   14
김윤섭   32  1968/09/20  53  1998/07/02   4944   318  404  422   135    4    6   10
김점오   17  1959/05/20  62  1987/07/10   8655   790  796  750   118   12    8   11
리카디   34  1968/03/02  53  2017/11/26    511    55   67   61   170   14   21   22
박대흥   18  1958/08/07  63  1997/05/28   6954   998  791  667   313   40   26   22
박병일   27  1964/04/26  57  2011/07/15   1809   157  176  162   198   18   20   11
박윤규   04  1966/09/26  55  2004/07/01   4017   312  349  369   177   17   15   13
박재우   50  1970/01/02  51  2011/01/26   3066   423  337  302   377   44   49   39
박종곤   01  1962/08/26  59  1997/09/04   4568   471  424  440   234   42   30   31
박천서   54  1963/06/08  58  2003/03/05   4338   414  410  413   191   10   11   13
박희철   15  1961/06/26  60  2002/07/01   5053   378  433  443   125    6    5   10
배대선   20  1960/04/02  61  1995/06/26   7730   853  821  809   248   14   13   22
배휴준   29  1966/09/25  55  2005/07/01   4444   314  366  385   192    6   12    9
서범석   12  1964/07/26  57  1999/07/01   4851   433  444  443   214   13   21   18
서인석   33  1968/11/20  53  2010/12/09   4406   402  442  419   449   39   44   37
서정하   43  1958/12/22  62  2004/09/01   2815   162  218  217    91    1    3    6
서홍수   24  1964/01/04  57  2008/09/24   2235   195  199  206   244   27   24   27
손영표   02  1966/11/14  55  2006/07/27   2854   229  220  198   155    8   10    9
송문길   40  1971/03/22  50  2013/07/01   2152   313  260  222   340   44   35   27
신삼영   41  1963/11/06  58  2010/07/01   2160   200  193  194   186    5   16   13
심승태   37  1978/02/14  43  2012/05/04   2219   170  206  194   110    3    1    5
안병기   22  1966/01/20  55  2008/07/01   3837   396  352  362   348   24   22   27
안해양   26  1961/07/24  60  1999/08/26   4253   377  339  360   210   10   20   20
우창구   05  1963/04/28  58  2008/07/01   3115   315  268  266   204   27   14   19
유재길   23  1961/07/16  60  2000/04/07   5590   409  431  477   151    6    6    9
이관호   42  1966/08/21  55  2013/11/01   2180   243  200  225   378   33   28   33
이신영   14  1980/04/12  41  2011/07/01   2448   322  209  238   228   20   17   17
이준철   48  1980/02/23  41  2021/07/01     55    11    9    9    55   11    9    9
이희영   13  1960/08/16  61  1986/12/04   8336   658  727  741   150    8   14   14
임봉춘   21  1959/04/14  62  2002/08/22   5107   412  435  509   324   22   35   27
임채덕   35  1970/07/09  51  2020/07/01    159     4    6    7   120    4    6    5
전승규   25  1963/10/04  58  2017/04/26    708   115   91   73   197   25   20   19
정호익   10  1965/03/05  56  2006/03/04   4876   501  512  501   324   38   32   32
조현수   11  1970/04/25  51  2018/07/01    718    30   46   60   237    7    9   18
지용철   49  1959/06/27  62  1986/11/20  12293   918 1070 1108   339   14   24   22
최봉주   16  1962/11/19  59  2007/03/08   2811   206  213  225   265   11   11   19
최상식   28  1960/02/25  61  1993/07/13   6147   468  505  531   173   12   18   16
최영주   03  1966/09/03  55  1997/11/19   4853   355  377  358   129    3    4   11
최용건   51  1967/08/09  54  2020/07/01    232    20   15   22   201   15   10   18
최용구   08  1965/10/08  56  2012/07/01   1672   194  174  154   179   14   14   13
토니     30  1974/04/10  47  2019/09/01    284    25   33   34   163   16   15   19
홍대유   06  1963/01/15  58  2006/07/01   3789   324  324  335   326   28   33   25
