-------------------------------------------------------------------------------------
조교사명 조  생년월일   나이 데뷔일자    총출전  1위  2위  3위 1년출전 1위  2위  3위 
-------------------------------------------------------------------------------------
강성오   09  1966/08/20  54  2018/07/01    359    43   41   26   163   16   20   11
강환민   31  1970/05/26  50  2017/07/01    676    95   82   76   198   23   23   19
곽영효   19  1961/09/24  59  1997/05/28   4534   472  438  396   131    5   10    9
구자흥   07  1963/08/07  57  2010/04/05   1862   143  196  192   142    8   11    8
김대근   48  1957/08/19  63  1986/07/30   8162   789  842  849   154   30   19   14
김동균   52  1975/08/24  45  2012/07/01   2392   237  206  219   240   29   24   28
김동철   53  1974/11/28  46  2016/03/16   1196    66  109  106   190    6   16   12
김윤섭   32  1968/09/20  52  1998/07/02   4866   314  400  416   125    4    4    9
김점오   17  1959/05/20  61  1987/07/10   8593   783  791  743   145   15   10    8
리카디   34  1968/03/02  53  2017/11/26    409    46   53   46   149   19   17   18
박대흥   18  1958/08/07  62  1997/05/28   6783   976  776  657   270   39   23   20
박병일   27  1964/04/26  57  2011/07/15   1697   143  162  157   172   12   11   15
박윤규   04  1966/09/26  54  2004/07/01   3924   302  338  361   185   15   14   14
박재우   50  1970/01/02  51  2011/01/26   2857   399  312  281   313   43   34   33
박종곤   01  1962/08/26  58  1997/09/04   4434   446  408  423   215   32   27   20
박천서   54  1963/06/08  57  2003/03/05   4242   408  402  405   170    6   12   12
박희철   15  1961/06/26  59  2002/07/01   4978   372  428  436   132    0    4    5
배대선   20  1960/04/02  61  1995/06/26   7597   842  811  797   257    9   16   23
배휴준   29  1966/09/25  54  2005/07/01   4342   310  360  377   182    4   11    4
서범석   12  1964/07/26  56  1999/07/01   4726   428  431  434   179   19   20   14
서인석   33  1968/11/20  52  2010/12/09   4147   372  415  399   388   28   33   41
서정하   43  1958/12/22  62  2004/09/01   2763   162  217  212    91    3    4    4
서홍수   24  1964/01/04  57  2008/09/24   2086   175  183  186   189   22   20   14
손영표   02  1966/11/14  54  2006/07/27   2758   223  212  193   121    4    7   10
송문길   40  1971/03/22  50  2013/07/01   1975   297  237  207   283   47   35   28
신삼영   41  1963/11/06  57  2010/07/01   2063   195  183  185   184    4   13    8
심승태   37  1978/02/14  43  2012/05/04   2155   167  205  193   137    2    5    8
안병기   22  1966/01/20  55  2008/07/01   3625   383  339  342   284   23   21   21
안해양   26  1961/07/24  59  1999/08/26   4126   370  325  347   160   11   10   12
우창구   05  1963/04/28  58  2008/07/01   2992   293  257  257   159   11   10   16
유재길   23  1961/07/16  59  2000/04/07   5495   404  428  472   147    2    5    9
이관호   42  1966/08/21  54  2013/11/01   1966   222  180  202   302   31   20   28
이신영   14  1980/04/12  41  2011/07/01   2316   314  202  226   178   25   14   15
이희영   13  1960/08/16  60  1986/12/04   8251   654  718  735   141    9   10   14
임봉춘   21  1959/04/14  62  2002/08/22   4922   397  414  492   258   18   23   17
임채덕   35  1970/07/09  50  2020/07/01     83     0    0    2    83    0    0    2
전승규   25  1963/10/04  57  2017/04/26    599   104   79   62   178   27   16   17
정호익   10  1965/03/05  56  2006/03/04   4696   484  496  483   280   35   33   26
조현수   11  1970/04/25  51  2018/07/01    583    27   42   52   232   13   16   25
지용철   49  1959/06/27  61  1986/11/20  12085   908 1059 1093   292    9   27   21
최봉주   16  1962/11/19  58  2007/03/08   2661   200  205  219   210    9   14   18
최상식   28  1960/02/25  61  1993/07/13   6051   465  496  520   155   14   15   13
최영주   03  1966/09/03  54  1997/11/19   4796   354  374  351   155   10    6   13
최용건   51  1967/08/09  53  2020/07/01    100    10   10   10   100   10   10   10
최용구   08  1965/10/08  55  2012/07/01   1573   186  165  143   175   16   14   16
토니     30  1974/04/10  47  2019/09/01    188    15   21   22   138   12   16   18
홍대유   06  1963/01/15  58  2006/07/01   3607   305  306  317   285   18   30   23
