-------------------------------------------------------------------------------------
조교사명 조  생년월일   나이 데뷔일자    총출전  1위  2위  3위 1년출전 1위  2위  3위 
-------------------------------------------------------------------------------------
강성오   09  1966/08/20  54  2018/07/01    290    37   31   23   115   15   14   11
강환민   31  1970/05/26  50  2017/07/01    604    85   73   67   156   20   16   13
곽영효   19  1961/09/24  59  1997/05/28   4490   470  436  393   106    3    9    7
구자흥   07  1963/08/07  57  2010/04/05   1807   140  193  191   104    7    9    8
김대근   48  1957/08/19  63  1986/07/30   8104   780  836  845   126   24   15   11
김동균   52  1975/08/24  45  2012/07/01   2304   225  194  208   188   26   15   19
김동철   53  1974/11/28  46  2016/03/16   1126    64  103  102   148    4   11   10
김윤섭   32  1968/09/20  52  1998/07/02   4821   314  399  412   109    6    4    6
김점오   17  1959/05/20  61  1987/07/10   8554   780  791  740   130   12   10    9
리카디   34  1968/03/02  52  2017/11/26    356    41   48   40   121   15   16   15
박대흥   18  1958/08/07  62  1997/05/28   6678   962  770  649   210   32   25   15
박병일   27  1964/04/26  56  2011/07/15   1634   139  157  153   151    9   12   16
박윤규   04  1966/09/26  54  2004/07/01   3864   296  335  357   159   10   15   16
박재우   50  1970/01/02  51  2011/01/26   2733   383  290  268   243   36   15   25
박종곤   01  1962/08/26  58  1997/09/04   4357   430  398  412   168   23   22   12
박천서   54  1963/06/08  57  2003/03/05   4173   404  401  400   127    4   12    9
박희철   15  1961/06/26  59  2002/07/01   4941   372  428  434   135    2    7    3
배대선   20  1960/04/02  60  1995/06/26   7512   841  810  788   207   10   18   20
배휴준   29  1966/09/25  54  2005/07/01   4272   309  355  376   152    5    8    3
서범석   12  1964/07/26  56  1999/07/01   4655   422  426  429   140   16   17   14
서인석   33  1968/11/20  52  2010/12/09   4005   364  402  389   312   31   23   35
서정하   43  1958/12/22  62  2004/09/01   2733   161  215  211    78    2    2    4
서홍수   24  1964/01/04  57  2008/09/24   2015   171  177  181   141   21   16   10
손영표   02  1966/11/14  54  2006/07/27   2710   221  210  189    97    3    5    7
송문길   40  1971/03/22  49  2013/07/01   1852   276  225  198   203   32   26   25
신삼영   41  1963/11/06  57  2010/07/01   1998   195  178  182   145    5   11    6
심승태   37  1978/02/14  42  2012/05/04   2123   167  205  190   137    3    7    7
안병기   22  1966/01/20  54  2008/07/01   3520   374  332  337   222   18   18   20
안해양   26  1961/07/24  59  1999/08/26   4057   368  320  342   109    9    5    9
우창구   05  1963/04/28  57  2008/07/01   2933   289  255  248   131   10   10   10
유재길   23  1961/07/16  59  2000/04/07   5451   404  425  469   131    2    4    6
이관호   42  1966/08/21  54  2013/11/01   1843   211  175  195   226   22   21   27
이신영   14  1980/04/12  40  2011/07/01   2240   305  196  221   141   17   12   19
이희영   13  1960/08/16  60  1986/12/04   8201   652  714  730   120    8    9    9
임봉춘   21  1959/04/14  61  2002/08/22   4817   390  405  484   190   16   16   15
임채덕   35  1970/07/09  50  2020/07/01     51     0    0    2    51    0    0    2
전승규   25  1963/10/04  57  2017/04/26    532    94   73   54   136   18   15   12
정호익   10  1965/03/05  55  2006/03/04   4592   473  484  472   219   30   26   20
조현수   11  1970/04/25  50  2018/07/01    505    23   39   44   186   10   16   18
지용철   49  1959/06/27  61  1986/11/20  11992   905 1048 1087   238    8   20   16
최봉주   16  1962/11/19  58  2007/03/08   2570   196  202  209   146    6   11   11
최상식   28  1960/02/25  60  1993/07/13   5991   459  488  516   121   12   11   13
최영주   03  1966/09/03  54  1997/11/19   4741   353  373  349   132   11    8   14
최용건   51  1967/08/09  53  2020/07/01     49     5    6    6    49    5    6    6
최용구   08  1965/10/08  55  2012/07/01   1519   183  163  141   153   14   15   15
토니     30  1974/04/10  46  2019/09/01    137    12   18   17   106   11   15   14
홍대유   06  1963/01/15  57  2006/07/01   3495   297  293  312   212   13   22   22
