-------------------------------------------------------------------------------------
조교사명 조  생년월일   나이 데뷔일자    총출전  1위  2위  3위 1년출전 1위  2위  3위 
-------------------------------------------------------------------------------------
강병은   13  1966/03/03  55  2004/03/02   3880   338  364  337   180    6   11   13
강은석   22  1971/11/10  49  2018/05/17    558    49   39   57   239   15   17   20
강형곤   02  1966/02/07  55  2004/03/02   5077   408  466  492   344   32   41   25
구영준   06  1972/06/08  48  2014/09/01   1607    94  117  151   201   12    7   19
권승주   33  1964/01/09  57  2012/03/03   3589   346  371  349   269   33   22   22
김길중   24  1963/03/28  58  2004/05/01   3588   229  289  305   261   16   14   18
김남중   10  1958/04/28  63  2004/03/02   3913   287  338  352   177    9    6   11
김병학   07  1960/03/15  61  2004/03/02   3737   237  267  307   166    8   14   15
김영관   19  1960/06/13  60  2004/03/02   5791  1307  799  643   314   59   35   36
김영민   11  1980/03/08  41  2020/04/10    112    11   21    6   112   11   21    6
김재섭   16  1963/09/23  57  2004/03/02   4901   541  452  444   217    9   17   13
라이스   31  1976/09/15  44  2013/11/29   1740   229  181  185   276   32   30   32
문제복   29  1965/02/01  56  2007/10/01   2581   213  206  228   140    4    4    8
민장기   21  1966/09/09  54  2004/05/01   4746   500  512  457   273   40   38   30
방동석   26  1967/12/09  53  2007/10/01   2833   258  258  296   198   28   19   17
백광열   01  1964/11/24  56  2004/03/02   6592   815  724  747   371   42   31   45
손병직   23  1973/11/14  47  2019/08/07    172    13   10    8    91    9    5    3
안우성   15  1974/01/18  47  2014/06/01   1661   217  202  199   269   26   31   33
양귀선   09  1961/11/10  59  2004/03/02   4541   291  342  388   310   35   36   24
울즐리   30  1962/12/24  58  2007/12/20   3309   592  433  352   244   36   32   29
유병복   05  1961/01/01  60  2004/03/02   4423   504  465  432   178    8    8    9
윤영훈   14  1965/03/03  56  2004/03/02   4379   284  351  358   152    6    7    8
이상영   27  1966/02/14  55  2007/10/01   3223   288  288  296   226   11    9   15
이정표   18  1965/03/02  56  2004/03/02   4108   181  262  314   190    2    3    2
임금만   04  1964/03/10  57  2004/03/02   4455   491  516  468   275   21   33   31
임동창   32  1960/05/05  61  2010/07/14   1980    87  107  147   177   11    8   14
장세한   17  1963/06/12  57  2004/03/02   4606   307  345  411   214    4   14   16
조용배   12  1967/03/16  54  2004/03/02   4744   217  290  362   231    4    6   13
최기홍   20  1964/11/09  56  2004/03/02   4306   375  388  377   148    9    6    7
토마스   08  1982/03/05  39  2015/06/01   1594   223  223  170   320   33   42   33
하무선   28  1968/06/15  52  2007/10/01   2221   123  138  179    32    0    1    0
