-------------------------------------------------------------------------------------
조교사명 조  생년월일   나이 데뷔일자    총출전  1위  2위  3위 1년출전 1위  2위  3위 
-------------------------------------------------------------------------------------
강성오   09  1966/08/20  54  2018/07/01    342    41   39   25   146   14   18   10
강환민   31  1970/05/26  50  2017/07/01    666    95   80   76   188   23   21   19
곽영효   19  1961/09/24  59  1997/05/28   4526   472  438  396   123    5   10    9
구자흥   07  1963/08/07  57  2010/04/05   1856   143  194  192   136    8    9    8
김대근   48  1957/08/19  63  1986/07/30   8153   786  841  849   145   27   18   14
김동균   52  1975/08/24  45  2012/07/01   2379   237  206  216   227   29   24   25
김동철   53  1974/11/28  46  2016/03/16   1179    65  108  104   173    5   15   10
김윤섭   32  1968/09/20  52  1998/07/02   4856   314  400  414   115    4    4    7
김점오   17  1959/05/20  61  1987/07/10   8587   783  791  742   139   15   10    7
리카디   34  1968/03/02  53  2017/11/26    397    43   52   46   137   16   16   18
박대흥   18  1958/08/07  62  1997/05/28   6765   973  775  655   252   36   22   18
박병일   27  1964/04/26  56  2011/07/15   1685   142  162  156   160   11   11   14
박윤규   04  1966/09/26  54  2004/07/01   3912   301  338  361   173   14   14   14
박재우   50  1970/01/02  51  2011/01/26   2833   397  309  277   289   41   31   29
박종곤   01  1962/08/26  58  1997/09/04   4417   443  404  422   198   29   23   19
박천서   54  1963/06/08  57  2003/03/05   4230   407  402  403   158    5   12   10
박희철   15  1961/06/26  59  2002/07/01   4968   372  428  434   122    0    4    3
배대선   20  1960/04/02  61  1995/06/26   7581   841  811  795   241    8   16   21
배휴준   29  1966/09/25  54  2005/07/01   4328   310  357  377   168    4    8    4
서범석   12  1964/07/26  56  1999/07/01   4708   426  430  432   161   17   19   12
서인석   33  1968/11/20  52  2010/12/09   4117   371  414  395   358   27   32   37
서정하   43  1958/12/22  62  2004/09/01   2757   162  217  212    85    3    4    4
서홍수   24  1964/01/04  57  2008/09/24   2068   174  181  186   171   21   18   14
손영표   02  1966/11/14  54  2006/07/27   2751   223  212  192   114    4    7    9
송문길   40  1971/03/22  50  2013/07/01   1947   293  233  206   255   43   31   27
신삼영   41  1963/11/06  57  2010/07/01   2050   195  180  185   171    4   10    8
심승태   37  1978/02/14  43  2012/05/04   2144   167  205  191   126    2    5    6
안병기   22  1966/01/20  55  2008/07/01   3602   383  336  341   261   23   18   20
안해양   26  1961/07/24  59  1999/08/26   4113   369  324  347   147   10    9   12
우창구   05  1963/04/28  57  2008/07/01   2976   291  256  255   143    9    9   14
유재길   23  1961/07/16  59  2000/04/07   5486   404  427  472   138    2    4    9
이관호   42  1966/08/21  54  2013/11/01   1941   217  180  200   277   26   20   26
이신영   14  1980/04/12  41  2011/07/01   2303   313  201  225   165   24   13   14
이희영   13  1960/08/16  60  1986/12/04   8239   654  717  734   129    9    9   13
임봉춘   21  1959/04/14  62  2002/08/22   4898   394  412  490   234   15   21   15
임채덕   35  1970/07/09  50  2020/07/01     78     0    0    2    78    0    0    2
전승규   25  1963/10/04  57  2017/04/26    592   102   79   62   171   25   16   17
정호익   10  1965/03/05  56  2006/03/04   4676   483  494  481   260   34   31   24
조현수   11  1970/04/25  50  2018/07/01    571    25   41   51   220   11   15   24
지용철   49  1959/06/27  61  1986/11/20  12063   907 1055 1092   270    8   23   20
최봉주   16  1962/11/19  58  2007/03/08   2638   200  204  218   187    9   13   17
최상식   28  1960/02/25  61  1993/07/13   6037   463  495  519   141   12   14   12
최영주   03  1966/09/03  54  1997/11/19   4785   354  373  350   144   10    5   12
최용건   51  1967/08/09  53  2020/07/01     87     8   10    8    87    8   10    8
최용구   08  1965/10/08  55  2012/07/01   1563   186  165  143   165   16   14   16
토니     30  1974/04/10  47  2019/09/01    175    15   20   20   125   12   15   16
홍대유   06  1963/01/15  58  2006/07/01   3584   302  304  316   262   15   28   22
