-------------------------------------------------------------------------------------
조교사명 조  생년월일   나이 데뷔일자    총출전  1위  2위  3위 1년출전 1위  2위  3위 
-------------------------------------------------------------------------------------
강은석   22  1971/11/10  49  2018/05/17    628    55   45   64   251   16   19   20
강형곤   02  1966/02/07  55  2004/03/02   5172   414  476  502   349   32   41   27
구민성   10  1978/08/11  43  2021/07/01      7     0    0    1     7    0    0    1
구영준   06  1972/06/08  49  2014/09/01   1673    95  118  156   202    8    6   18
권승주   33  1964/01/09  57  2012/03/03   3679   361  379  357   290   39   26   22
김길중   24  1963/03/28  58  2004/05/01   3634   233  295  307   229   14   14   16
김병학   07  1960/03/15  61  2004/03/02   3783   239  272  311   174    9   14   13
김영관   19  1960/06/13  61  2004/03/02   5879  1324  807  656   299   47   25   38
김영민   11  1980/03/08  41  2020/04/10    112    11   21    6    65    6   12    2
김재섭   16  1963/09/23  57  2004/03/02   4949   546  461  449   204   11   17   18
라이스   31  1976/09/15  44  2013/11/29   1812   250  187  190   264   44   24   24
문제복   29  1965/02/01  56  2007/10/01   2621   213  208  229   160    3    4    8
민장기   21  1966/09/09  54  2004/05/01   4812   505  519  466   271   37   34   29
방동석   26  1967/12/09  53  2007/10/01   2883   264  262  298   194   29   20   10
백광열   01  1964/11/24  56  2004/03/02   6693   823  737  760   361   42   32   41
손병직   23  1973/11/14  47  2019/08/07    172    13   10    8    53    5    2    1
안우성   15  1974/01/18  47  2014/06/01   1728   219  208  206   259   20   31   30
양귀선   09  1961/11/10  59  2004/03/02   4621   298  346  394   299   33   34   23
울즐리   30  1962/12/24  58  2007/12/20   3382   598  447  361   237   28   33   30
유병복   05  1961/01/01  60  2004/03/02   4469   507  467  435   173    8    5    9
윤영훈   14  1965/03/03  56  2004/03/02   4419   287  354  362   158    8    9   10
이상영   27  1966/02/14  55  2007/10/01   3254   290  289  297   177    7    8   11
이정표   18  1965/03/02  56  2004/03/02   4166   181  263  314   196    1    2    1
임금만   04  1964/03/10  57  2004/03/02   4522   496  525  472   270   20   35   27
임동창   32  1960/05/05  61  2010/07/14   2025    88  108  150   163    6    6    9
장세한   17  1963/06/12  58  2004/03/02   4659   309  346  415   206    3    7   14
조용배   12  1967/03/16  54  2004/03/02   4807   218  292  365   226    5    7   12
최기홍   20  1964/11/09  56  2004/03/02   4341   378  390  380   135    8    7    9
토마스   08  1982/03/05  39  2015/06/01   1685   232  233  181   319   26   36   32
하무선   28  1968/06/15  53  2007/10/01   2232   123  139  180    43    0    2    1
