-------------------------------------------------------------------------------------
조교사명 조  생년월일   나이 데뷔일자    총출전  1위  2위  3위 1년출전 1위  2위  3위 
-------------------------------------------------------------------------------------
강병은   13  1966/03/03  55  2004/03/02   3867   337  362  336   167    5    9   12
강은석   22  1971/11/10  49  2018/05/17    531    47   36   56   212   13   14   19
강형곤   02  1966/02/07  55  2004/03/02   5042   406  461  491   309   30   36   24
구영준   06  1972/06/08  48  2014/09/01   1591    92  117  150   185   10    7   18
권승주   33  1964/01/09  57  2012/03/03   3562   344  370  348   242   31   21   21
김길중   24  1963/03/28  58  2004/05/01   3571   227  289  304   244   14   14   17
김남중   10  1958/04/28  63  2004/03/02   3896   286  337  351   160    8    5   10
김병학   07  1960/03/15  61  2004/03/02   3721   236  266  305   150    7   13   13
김영관   19  1960/06/13  60  2004/03/02   5766  1302  796  640   289   54   32   33
김영민   11  1980/03/08  41  2020/04/10    112    11   21    6   112   11   21    6
김재섭   16  1963/09/23  57  2004/03/02   4886   541  451  444   202    9   16   13
라이스   31  1976/09/15  44  2013/11/29   1709   223  178  181   245   26   27   28
문제복   29  1965/02/01  56  2007/10/01   2565   213  206  225   124    4    4    5
민장기   21  1966/09/09  54  2004/05/01   4721   497  509  455   248   37   35   28
방동석   26  1967/12/09  53  2007/10/01   2816   257  256  296   181   27   17   17
백광열   01  1964/11/24  56  2004/03/02   6557   811  719  744   336   38   26   42
손병직   23  1973/11/14  47  2019/08/07    172    13   10    8    91    9    5    3
안우성   15  1974/01/18  47  2014/06/01   1629   216  199  194   237   25   28   28
양귀선   09  1961/11/10  59  2004/03/02   4509   289  339  387   278   33   33   23
울즐리   30  1962/12/24  58  2007/12/20   3288   588  431  348   223   32   30   25
유병복   05  1961/01/01  60  2004/03/02   4408   504  465  431   163    8    8    8
윤영훈   14  1965/03/03  56  2004/03/02   4364   284  351  356   137    6    7    6
이상영   27  1966/02/14  55  2007/10/01   3206   288  287  292   209   11    8   11
이정표   18  1965/03/02  56  2004/03/02   4086   181  262  314   168    2    3    2
임금만   04  1964/03/10  57  2004/03/02   4433   488  514  466   253   18   31   29
임동창   32  1960/05/05  60  2010/07/14   1961    86  107  146   158   10    8   13
장세한   17  1963/06/12  57  2004/03/02   4591   307  343  411   199    4   12   16
조용배   12  1967/03/16  54  2004/03/02   4721   215  289  360   208    2    5   11
최기홍   20  1964/11/09  56  2004/03/02   4299   374  387  377   141    8    5    7
토마스   08  1982/03/05  39  2015/06/01   1566   221  220  168   292   31   39   31
하무선   28  1968/06/15  52  2007/10/01   2216   123  138  179    27    0    1    0
