-------------------------------------------------------------------------------------
조교사명 조  생년월일   나이 데뷔일자    총출전  1위  2위  3위 1년출전 1위  2위  3위 
-------------------------------------------------------------------------------------
강성오   09  1966/08/20  54  2018/07/01    339    41   38   25   143   14   17   10
강환민   31  1970/05/26  50  2017/07/01    660    94   79   75   182   22   20   18
곽영효   19  1961/09/24  59  1997/05/28   4523   472  438  396   120    5   10    9
구자흥   07  1963/08/07  57  2010/04/05   1853   143  194  192   133    8    9    8
김대근   48  1957/08/19  63  1986/07/30   8148   785  841  849   140   26   18   14
김동균   52  1975/08/24  45  2012/07/01   2374   237  205  213   222   29   23   22
김동철   53  1974/11/28  46  2016/03/16   1176    65  108  104   170    5   15   10
김윤섭   32  1968/09/20  52  1998/07/02   4853   314  400  414   112    4    4    7
김점오   17  1959/05/20  61  1987/07/10   8585   783  791  742   137   15   10    7
리카디   34  1968/03/02  53  2017/11/26    392    43   50   46   132   16   14   18
박대흥   18  1958/08/07  62  1997/05/28   6759   972  775  653   246   35   22   16
박병일   27  1964/04/26  56  2011/07/15   1677   142  161  156   152   11   10   14
박윤규   04  1966/09/26  54  2004/07/01   3910   301  338  361   171   14   14   14
박재우   50  1970/01/02  51  2011/01/26   2823   396  306  277   279   40   28   29
박종곤   01  1962/08/26  58  1997/09/04   4411   441  404  421   192   27   23   18
박천서   54  1963/06/08  57  2003/03/05   4225   407  402  403   153    5   12   10
박희철   15  1961/06/26  59  2002/07/01   4968   372  428  434   122    0    4    3
배대선   20  1960/04/02  61  1995/06/26   7576   841  811  794   236    8   16   20
배휴준   29  1966/09/25  54  2005/07/01   4321   310  356  377   161    4    7    4
서범석   12  1964/07/26  56  1999/07/01   4702   426  429  431   155   17   18   11
서인석   33  1968/11/20  52  2010/12/09   4110   371  414  395   351   27   32   37
서정하   43  1958/12/22  62  2004/09/01   2754   162  216  212    82    3    3    4
서홍수   24  1964/01/04  57  2008/09/24   2063   174  181  186   166   21   18   14
손영표   02  1966/11/14  54  2006/07/27   2748   223  212  192   111    4    7    9
송문길   40  1971/03/22  50  2013/07/01   1939   292  232  205   247   42   30   26
신삼영   41  1963/11/06  57  2010/07/01   2044   195  179  185   165    4    9    8
심승태   37  1978/02/14  43  2012/05/04   2144   167  205  191   126    2    5    6
안병기   22  1966/01/20  55  2008/07/01   3595   382  336  341   254   22   18   20
안해양   26  1961/07/24  59  1999/08/26   4106   369  323  347   140   10    8   12
우창구   05  1963/04/28  57  2008/07/01   2974   291  256  255   141    9    9   14
유재길   23  1961/07/16  59  2000/04/07   5481   404  427  472   133    2    4    9
이관호   42  1966/08/21  54  2013/11/01   1932   215  180  200   268   24   20   26
이신영   14  1980/04/12  41  2011/07/01   2296   313  201  223   158   24   13   12
이희영   13  1960/08/16  60  1986/12/04   8238   654  717  734   128    9    9   13
임봉춘   21  1959/04/14  62  2002/08/22   4890   393  412  489   226   14   21   14
임채덕   35  1970/07/09  50  2020/07/01     72     0    0    2    72    0    0    2
전승규   25  1963/10/04  57  2017/04/26    585    99   79   61   164   22   16   16
정호익   10  1965/03/05  56  2006/03/04   4667   482  494  481   251   33   31   24
조현수   11  1970/04/25  50  2018/07/01    563    25   40   50   212   11   14   23
지용철   49  1959/06/27  61  1986/11/20  12057   907 1055 1092   264    8   23   20
최봉주   16  1962/11/19  58  2007/03/08   2628   199  204  216   177    8   13   15
최상식   28  1960/02/25  61  1993/07/13   6033   462  494  519   137   11   13   12
최영주   03  1966/09/03  54  1997/11/19   4780   354  373  350   139   10    5   12
최용건   51  1967/08/09  53  2020/07/01     84     8   10    8    84    8   10    8
최용구   08  1965/10/08  55  2012/07/01   1562   186  165  143   164   16   14   16
토니     30  1974/04/10  47  2019/09/01    173    15   20   20   123   12   15   16
홍대유   06  1963/01/15  58  2006/07/01   3577   301  303  315   255   14   27   21
