-------------------------------------------------------------------------------------
조교사명 조  생년월일   나이 데뷔일자    총출전  1위  2위  3위 1년출전 1위  2위  3위 
-------------------------------------------------------------------------------------
강성오   09  1966/08/20  55  2018/07/01    443    54   51   35   202   23   24   15
강환민   31  1970/05/26  51  2017/07/01    761   104   89   84   216   25   23   22
곽영효   19  1961/09/24  60  1997/05/28   4588   477  442  399   133    7    9    7
구자흥   07  1963/08/07  58  2010/04/05   1915   150  197  194   145   12    6    6
김동균   52  1975/08/24  46  2012/07/01   2514   258  217  231   287   42   29   31
김동철   53  1974/11/28  46  2016/03/16   1300    74  115  114   232   13   18   15
김윤섭   32  1968/09/20  53  1998/07/02   4921   316  401  420   132    4    4   10
김점오   17  1959/05/20  62  1987/07/10   8640   789  796  747   132   15   10    9
리카디   34  1968/03/02  53  2017/11/26    475    53   64   57   159   17   19   21
박대흥   18  1958/08/07  63  1997/05/28   6906   990  785  664   306   38   22   20
박병일   27  1964/04/26  57  2011/07/15   1772   153  173  162   184   14   19   13
박윤규   04  1966/09/26  55  2004/07/01   3989   309  344  368   177   16   12   14
박재우   50  1970/01/02  51  2011/01/26   3000   418  328  296   356   44   44   37
박종곤   01  1962/08/26  59  1997/09/04   4526   461  419  437   231   39   25   30
박천서   54  1963/06/08  58  2003/03/05   4306   412  405  409   185    8   10   11
박희철   15  1961/06/26  60  2002/07/01   5033   376  433  442   127    4    5   10
배대선   20  1960/04/02  61  1995/06/26   7695   849  818  807   254   11   12   22
배휴준   29  1966/09/25  55  2005/07/01   4416   312  364  383   190    4   12    8
서범석   12  1964/07/26  57  1999/07/01   4815   432  441  440   207   13   22   18
서인석   33  1968/11/20  52  2010/12/09   4318   393  433  411   418   36   40   37
서정하   43  1958/12/22  62  2004/09/01   2803   162  218  215    96    2    4    5
서홍수   24  1964/01/04  57  2008/09/24   2195   183  196  199   232   18   27   23
손영표   02  1966/11/14  54  2006/07/27   2824   228  219  196   147    7    9   10
송문길   40  1971/03/22  50  2013/07/01   2102   309  251  218   327   45   33   28
신삼영   41  1963/11/06  57  2010/07/01   2124   199  192  190   177    4   15   10
심승태   37  1978/02/14  43  2012/05/04   2196   169  206  193   110    2    1    6
안병기   22  1966/01/20  55  2008/07/01   3770   390  350  357   325   20   26   24
안해양   26  1961/07/24  60  1999/08/26   4213   374  333  356   198   14   14   16
우창구   05  1963/04/28  58  2008/07/01   3076   309  267  262   192   21   14   16
유재길   23  1961/07/16  60  2000/04/07   5562   406  431  476   147    3    8    8
이관호   42  1966/08/21  55  2013/11/01   2114   235  195  216   357   32   28   30
이신영   14  1980/04/12  41  2011/07/01   2405   320  208  232   207   21   16   12
이준철   48  1980/02/23  41  2021/07/01     29     7    6    3    29    7    6    3
이희영   13  1960/08/16  61  1986/12/04   8306   656  721  738   139    7   11   13
임봉춘   21  1959/04/14  62  2002/08/22   5055   408  429  507   307   21   30   26
임채덕   35  1970/07/09  51  2020/07/01    131     2    4    5   110    2    4    3
전승규   25  1963/10/04  58  2017/04/26    670   113   86   67   189   27   17   14
정호익   10  1965/03/05  56  2006/03/04   4819   496  509  497   309   40   38   35
조현수   11  1970/04/25  51  2018/07/01    686    29   45   59   245    9    8   19
지용철   49  1959/06/27  62  1986/11/20  12236   916 1068 1104   326   12   25   22
최봉주   16  1962/11/19  58  2007/03/08   2775   205  210  223   263   12   13   18
최상식   28  1960/02/25  61  1993/07/13   6114   467  502  525   163   13   17   14
최영주   03  1966/09/03  55  1997/11/19   4833   355  377  355   135    4    6   10
최용건   51  1967/08/09  54  2020/07/01    191    17   14   20   180   16   12   20
최용구   08  1965/10/08  55  2012/07/01   1643   191  171  150   181   12   14   15
토니     30  1974/04/10  47  2019/09/01    254    24   30   32   154   16   16   20
홍대유   06  1963/01/15  58  2006/07/01   3736   318  318  331   320   23   31   24
