-------------------------------------------------------------------------------------
조교사명 조  생년월일   나이 데뷔일자    총출전  1위  2위  3위 1년출전 1위  2위  3위 
-------------------------------------------------------------------------------------
강성오   09  1966/08/20  54  2018/07/01    354    42   40   26   158   15   19   11
강환민   31  1970/05/26  50  2017/07/01    673    95   82   76   195   23   23   19
곽영효   19  1961/09/24  59  1997/05/28   4532   472  438  396   129    5   10    9
구자흥   07  1963/08/07  57  2010/04/05   1859   143  196  192   139    8   11    8
김대근   48  1957/08/19  63  1986/07/30   8160   788  842  849   152   29   19   14
김동균   52  1975/08/24  45  2012/07/01   2387   237  206  218   235   29   24   27
김동철   53  1974/11/28  46  2016/03/16   1191    65  109  105   185    5   16   11
김윤섭   32  1968/09/20  52  1998/07/02   4862   314  400  415   121    4    4    8
김점오   17  1959/05/20  61  1987/07/10   8590   783  791  742   142   15   10    7
리카디   34  1968/03/02  53  2017/11/26    406    44   53   46   146   17   17   18
박대흥   18  1958/08/07  62  1997/05/28   6780   976  775  656   267   39   22   19
박병일   27  1964/04/26  57  2011/07/15   1695   143  162  156   170   12   11   14
박윤규   04  1966/09/26  54  2004/07/01   3920   302  338  361   181   15   14   14
박재우   50  1970/01/02  51  2011/01/26   2849   399  312  280   305   43   34   32
박종곤   01  1962/08/26  58  1997/09/04   4430   446  406  423   211   32   25   20
박천서   54  1963/06/08  57  2003/03/05   4239   407  402  405   167    5   12   12
박희철   15  1961/06/26  59  2002/07/01   4976   372  428  435   130    0    4    4
배대선   20  1960/04/02  61  1995/06/26   7592   842  811  796   252    9   16   22
배휴준   29  1966/09/25  54  2005/07/01   4337   310  358  377   177    4    9    4
서범석   12  1964/07/26  56  1999/07/01   4719   428  430  433   172   19   19   13
서인석   33  1968/11/20  52  2010/12/09   4137   371  415  397   378   27   33   39
서정하   43  1958/12/22  62  2004/09/01   2762   162  217  212    90    3    4    4
서홍수   24  1964/01/04  57  2008/09/24   2079   174  182  186   182   21   19   14
손영표   02  1966/11/14  54  2006/07/27   2754   223  212  192   117    4    7    9
송문길   40  1971/03/22  50  2013/07/01   1968   296  237  207   276   46   35   28
신삼영   41  1963/11/06  57  2010/07/01   2060   195  182  185   181    4   12    8
심승태   37  1978/02/14  43  2012/05/04   2151   167  205  193   133    2    5    8
안병기   22  1966/01/20  55  2008/07/01   3617   383  337  342   276   23   19   21
안해양   26  1961/07/24  59  1999/08/26   4123   370  324  347   157   11    9   12
우창구   05  1963/04/28  58  2008/07/01   2987   291  257  256   154    9   10   15
유재길   23  1961/07/16  59  2000/04/07   5491   404  428  472   143    2    5    9
이관호   42  1966/08/21  54  2013/11/01   1956   220  180  201   292   29   20   27
이신영   14  1980/04/12  41  2011/07/01   2313   314  201  226   175   25   13   15
이희영   13  1960/08/16  60  1986/12/04   8247   654  718  735   137    9   10   14
임봉춘   21  1959/04/14  62  2002/08/22   4914   397  414  491   250   18   23   16
임채덕   35  1970/07/09  50  2020/07/01     82     0    0    2    82    0    0    2
전승규   25  1963/10/04  57  2017/04/26    598   103   79   62   177   26   16   17
정호익   10  1965/03/05  56  2006/03/04   4689   484  495  483   273   35   32   26
조현수   11  1970/04/25  51  2018/07/01    578    26   41   51   227   12   15   24
지용철   49  1959/06/27  61  1986/11/20  12078   908 1057 1093   285    9   25   21
최봉주   16  1962/11/19  58  2007/03/08   2654   200  205  219   203    9   14   18
최상식   28  1960/02/25  61  1993/07/13   6044   463  495  520   148   12   14   13
최영주   03  1966/09/03  54  1997/11/19   4793   354  374  351   152   10    6   13
최용건   51  1967/08/09  53  2020/07/01     97    10   10    9    97   10   10    9
최용구   08  1965/10/08  55  2012/07/01   1570   186  165  143   172   16   14   16
토니     30  1974/04/10  47  2019/09/01    186    15   21   22   136   12   16   18
홍대유   06  1963/01/15  58  2006/07/01   3598   304  306  317   276   17   30   23
