-------------------------------------------------------------------------------------
조교사명 조  생년월일   나이 데뷔일자    총출전  1위  2위  3위 1년출전 1위  2위  3위 
-------------------------------------------------------------------------------------
강병은   13  1966/03/03  55  2004/03/02   3908   342  368  338   178    8   14   13
강은석   22  1971/11/10  49  2018/05/17    601    52   42   62   256   17   18   21
강형곤   02  1966/02/07  55  2004/03/02   5134   411  474  496   353   32   43   25
구민성   10  1978/08/11  42  2021/07/01      0     0    0    0     0    0    0    0
구영준   06  1972/06/08  49  2014/09/01   1643    94  118  154   205   11    6   20
권승주   33  1964/01/09  57  2012/03/03   3635   355  373  355   278   38   23   24
김길중   24  1963/03/28  58  2004/05/01   3613   231  291  307   246   13   14   19
김병학   07  1960/03/15  61  2004/03/02   3760   238  268  310   171    9   14   16
김영관   19  1960/06/13  61  2004/03/02   5844  1320  804  649   311   59   31   35
김영민   11  1980/03/08  41  2020/04/10    112    11   21    6    86    8   14    5
김재섭   16  1963/09/23  57  2004/03/02   4924   544  456  447   215    9   19   16
라이스   31  1976/09/15  44  2013/11/29   1780   239  187  187   270   35   31   27
문제복   29  1965/02/01  56  2007/10/01   2607   213  207  228   159    3    5    7
민장기   21  1966/09/09  54  2004/05/01   4783   505  514  462   278   44   34   31
방동석   26  1967/12/09  53  2007/10/01   2859   261  261  297   197   27   20   15
백광열   01  1964/11/24  56  2004/03/02   6651   819  734  753   370   43   31   39
손병직   23  1973/11/14  47  2019/08/07    172    13   10    8    70    8    3    2
안우성   15  1974/01/18  47  2014/06/01   1695   218  205  206   263   22   32   34
양귀선   09  1961/11/10  59  2004/03/02   4592   294  345  391   314   33   37   26
울즐리   30  1962/12/24  58  2007/12/20   3357   597  441  359   247   33   35   31
유병복   05  1961/01/01  60  2004/03/02   4446   505  467  434   176    8    7    9
윤영훈   14  1965/03/03  56  2004/03/02   4404   286  353  361   159    8    8   10
이상영   27  1966/02/14  55  2007/10/01   3236   288  288  297   203    8    9   14
이정표   18  1965/03/02  56  2004/03/02   4143   181  263  314   201    1    3    1
임금만   04  1964/03/10  57  2004/03/02   4490   493  521  471   275   21   35   30
임동창   32  1960/05/05  61  2010/07/14   2007    88  108  148   178   10    8   13
장세한   17  1963/06/12  58  2004/03/02   4640   309  345  413   221    6   12   14
조용배   12  1967/03/16  54  2004/03/02   4779   218  290  363   229    5    5   12
최기홍   20  1964/11/09  56  2004/03/02   4325   376  389  377   145    7    6    6
토마스   08  1982/03/05  39  2015/06/01   1651   228  230  177   328   32   38   34
하무선   28  1968/06/15  53  2007/10/01   2226   123  138  179    37    0    1    0
