-------------------------------------------------------------------------------------
조교사명 조  생년월일   나이 데뷔일자    총출전  1위  2위  3위 1년출전 1위  2위  3위 
-------------------------------------------------------------------------------------
강병은   13  1966/03/03  55  2004/03/02   3878   338  364  337   178    6   11   13
강은석   22  1971/11/10  49  2018/05/17    553    49   39   56   234   15   17   19
강형곤   02  1966/02/07  55  2004/03/02   5067   408  465  492   334   32   40   25
구영준   06  1972/06/08  48  2014/09/01   1605    94  117  150   199   12    7   18
권승주   33  1964/01/09  57  2012/03/03   3579   344  370  349   259   31   21   22
김길중   24  1963/03/28  58  2004/05/01   3588   229  289  305   261   16   14   18
김남중   10  1958/04/28  63  2004/03/02   3909   287  338  352   173    9    6   11
김병학   07  1960/03/15  61  2004/03/02   3734   237  267  306   163    8   14   14
김영관   19  1960/06/13  60  2004/03/02   5784  1306  799  643   307   58   35   36
김영민   11  1980/03/08  41  2020/04/10    112    11   21    6   112   11   21    6
김재섭   16  1963/09/23  57  2004/03/02   4895   541  451  444   211    9   16   13
라이스   31  1976/09/15  44  2013/11/29   1729   226  181  185   265   29   30   32
문제복   29  1965/02/01  56  2007/10/01   2577   213  206  226   136    4    4    6
민장기   21  1966/09/09  54  2004/05/01   4739   499  511  457   266   39   37   30
방동석   26  1967/12/09  53  2007/10/01   2828   258  257  296   193   28   18   17
백광열   01  1964/11/24  56  2004/03/02   6587   815  724  746   366   42   31   44
손병직   23  1973/11/14  47  2019/08/07    172    13   10    8    91    9    5    3
안우성   15  1974/01/18  47  2014/06/01   1652   217  201  198   260   26   30   32
양귀선   09  1961/11/10  59  2004/03/02   4532   291  340  388   301   35   34   24
울즐리   30  1962/12/24  58  2007/12/20   3299   589  432  350   234   33   31   27
유병복   05  1961/01/01  60  2004/03/02   4418   504  465  432   173    8    8    9
윤영훈   14  1965/03/03  56  2004/03/02   4376   284  351  357   149    6    7    7
이상영   27  1966/02/14  55  2007/10/01   3221   288  288  296   224   11    9   15
이정표   18  1965/03/02  56  2004/03/02   4105   181  262  314   187    2    3    2
임금만   04  1964/03/10  57  2004/03/02   4446   489  515  468   266   19   32   31
임동창   32  1960/05/05  61  2010/07/14   1978    87  107  146   175   11    8   13
장세한   17  1963/06/12  57  2004/03/02   4604   307  344  411   212    4   13   16
조용배   12  1967/03/16  54  2004/03/02   4739   217  290  361   226    4    6   12
최기홍   20  1964/11/09  56  2004/03/02   4303   375  388  377   145    9    6    7
토마스   08  1982/03/05  39  2015/06/01   1588   223  222  170   314   33   41   33
하무선   28  1968/06/15  52  2007/10/01   2219   123  138  179    30    0    1    0
