-------------------------------------------------------------------------------------
조교사명 조  생년월일   나이 데뷔일자    총출전  1위  2위  3위 1년출전 1위  2위  3위 
-------------------------------------------------------------------------------------
강성오   09  1966/08/20  55  2018/07/01    464    55   54   37   210   23   27   16
강환민   31  1970/05/26  51  2017/07/01    781   105   91   85   224   25   24   21
곽영효   19  1961/09/24  60  1997/05/28   4604   478  446  400   136    8   12    7
구자흥   07  1963/08/07  58  2010/04/05   1930   150  199  194   151   12    7    6
김동균   52  1975/08/24  46  2012/07/01   2550   263  219  232   309   43   31   32
김동철   53  1974/11/28  46  2016/03/16   1320    76  116  116   235   14   18   16
김윤섭   32  1968/09/20  53  1998/07/02   4934   317  403  420   137    5    5   10
김점오   17  1959/05/20  62  1987/07/10   8651   790  796  749   129   13    9   11
리카디   34  1968/03/02  53  2017/11/26    497    54   67   61   171   17   22   23
박대흥   18  1958/08/07  63  1997/05/28   6935   995  789  665   320   41   26   20
박병일   27  1964/04/26  57  2011/07/15   1797   155  175  162   198   16   20   13
박윤규   04  1966/09/26  55  2004/07/01   4005   311  345  369   183   18   11   14
박재우   50  1970/01/02  51  2011/01/26   3038   422  332  301   373   47   46   40
박종곤   01  1962/08/26  59  1997/09/04   4552   466  423  439   241   43   29   32
박천서   54  1963/06/08  58  2003/03/05   4326   413  409  411   199    9   12   13
박희철   15  1961/06/26  60  2002/07/01   5048   376  433  443   134    4    5   11
배대선   20  1960/04/02  61  1995/06/26   7719   852  820  808   262   13   12   23
배휴준   29  1966/09/25  55  2005/07/01   4435   312  365  385   194    4   11   10
서범석   12  1964/07/26  57  1999/07/01   4837   433  442  441   217   14   21   18
서인석   33  1968/11/20  52  2010/12/09   4369   397  438  417   444   36   43   40
서정하   43  1958/12/22  62  2004/09/01   2810   162  218  217    95    1    4    7
서홍수   24  1964/01/04  57  2008/09/24   2219   189  199  203   247   22   28   27
손영표   02  1966/11/14  54  2006/07/27   2840   229  219  197   156    8    9   10
송문길   40  1971/03/22  50  2013/07/01   2135   313  255  220   348   48   36   29
신삼영   41  1963/11/06  58  2010/07/01   2142   199  192  192   182    4   15   12
심승태   37  1978/02/14  43  2012/05/04   2208   170  206  193   109    3    1    5
안병기   22  1966/01/20  55  2008/07/01   3809   393  350  360   348   22   25   26
안해양   26  1961/07/24  60  1999/08/26   4239   376  336  359   211   13   17   19
우창구   05  1963/04/28  58  2008/07/01   3104   314  268  265   209   26   14   18
유재길   23  1961/07/16  60  2000/04/07   5577   408  431  476   153    5    8    8
이관호   42  1966/08/21  55  2013/11/01   2151   238  198  220   377   33   30   31
이신영   14  1980/04/12  41  2011/07/01   2429   321  209  236   221   20   17   15
이준철   48  1980/02/23  41  2021/07/01     45     9    8    7    45    9    8    7
이희영   13  1960/08/16  61  1986/12/04   8320   657  726  740   141    7   14   14
임봉춘   21  1959/04/14  62  2002/08/22   5083   411  433  508   315   22   33   26
임채덕   35  1970/07/09  51  2020/07/01    148     3    5    5   120    3    5    3
전승규   25  1963/10/04  58  2017/04/26    691   114   89   69   195   27   20   15
정호익   10  1965/03/05  56  2006/03/04   4856   498  510  500   331   40   36   35
조현수   11  1970/04/25  51  2018/07/01    703    29   46   59   243    9    9   19
지용철   49  1959/06/27  62  1986/11/20  12274   917 1070 1105   345   13   26   21
최봉주   16  1962/11/19  58  2007/03/08   2795   205  213  225   268   11   14   19
최상식   28  1960/02/25  61  1993/07/13   6131   468  503  529   168   14   17   16
최영주   03  1966/09/03  55  1997/11/19   4844   355  377  357   129    3    5   11
최용건   51  1967/08/09  54  2020/07/01    218    20   14   22   196   17   10   20
최용구   08  1965/10/08  56  2012/07/01   1661   193  173  154   182   13   14   15
토니     30  1974/04/10  47  2019/09/01    274    25   32   34   167   17   16   22
홍대유   06  1963/01/15  58  2006/07/01   3770   323  322  333   338   28   34   25
