-------------------------------------------------------------------------------------
조교사명 조  생년월일   나이 데뷔일자    총출전  1위  2위  3위 1년출전 1위  2위  3위 
-------------------------------------------------------------------------------------
강성오   09  1966/08/20  54  2018/07/01    364    45   42   26   168   18   21   11
강환민   31  1970/05/26  50  2017/07/01    687    97   83   76   209   25   24   19
곽영효   19  1961/09/24  59  1997/05/28   4541   472  438  396   138    5   10    9
구자흥   07  1963/08/07  57  2010/04/05   1871   143  196  192   151    8   11    8
김대근   48  1957/08/19  63  1986/07/30   8166   789  842  850   158   30   19   15
김동균   52  1975/08/24  45  2012/07/01   2406   241  209  220   254   33   27   29
김동철   53  1974/11/28  46  2016/03/16   1205    66  109  106   199    6   16   12
김윤섭   32  1968/09/20  52  1998/07/02   4871   314  400  416   130    4    4    9
김점오   17  1959/05/20  62  1987/07/10   8600   784  792  744   152   16   11    9
리카디   34  1968/03/02  53  2017/11/26    416    46   53   50   156   19   17   22
박대흥   18  1958/08/07  62  1997/05/28   6791   977  776  658   278   40   23   21
박병일   27  1964/04/26  57  2011/07/15   1706   144  162  158   181   13   11   16
박윤규   04  1966/09/26  54  2004/07/01   3930   302  339  361   191   15   15   14
박재우   50  1970/01/02  51  2011/01/26   2873   401  314  282   329   45   36   34
박종곤   01  1962/08/26  58  1997/09/04   4444   446  410  424   225   32   29   21
박천서   54  1963/06/08  57  2003/03/05   4247   408  402  405   175    6   12   12
박희철   15  1961/06/26  59  2002/07/01   4983   373  428  437   137    1    4    6
배대선   20  1960/04/02  61  1995/06/26   7611   842  813  798   271    9   18   24
배휴준   29  1966/09/25  54  2005/07/01   4353   310  361  380   193    4   12    7
서범석   12  1964/07/26  56  1999/07/01   4737   428  432  434   190   19   21   14
서인석   33  1968/11/20  52  2010/12/09   4164   375  418  401   405   31   36   43
서정하   43  1958/12/22  62  2004/09/01   2768   162  217  212    96    3    4    4
서홍수   24  1964/01/04  57  2008/09/24   2097   176  185  186   200   23   22   14
손영표   02  1966/11/14  54  2006/07/27   2765   223  212  195   128    4    7   12
송문길   40  1971/03/22  50  2013/07/01   1986   298  238  208   294   48   36   29
신삼영   41  1963/11/06  57  2010/07/01   2069   196  184  185   190    5   14    8
심승태   37  1978/02/14  43  2012/05/04   2161   167  205  193   143    2    5    8
안병기   22  1966/01/20  55  2008/07/01   3638   383  340  342   297   23   22   21
안해양   26  1961/07/24  59  1999/08/26   4135   370  325  347   169   11   10   12
우창구   05  1963/04/28  58  2008/07/01   2999   294  258  257   166   12   11   16
유재길   23  1961/07/16  59  2000/04/07   5504   405  428  473   156    3    5   10
이관호   42  1966/08/21  54  2013/11/01   1980   223  180  204   316   32   20   30
이신영   14  1980/04/12  41  2011/07/01   2328   315  202  226   190   26   14   15
이희영   13  1960/08/16  60  1986/12/04   8256   654  718  735   146    9   10   14
임봉춘   21  1959/04/14  62  2002/08/22   4938   400  418  493   274   21   27   18
임채덕   35  1970/07/09  50  2020/07/01     86     0    1    2    86    0    1    2
전승규   25  1963/10/04  57  2017/04/26    607   105   80   64   186   28   17   19
정호익   10  1965/03/05  56  2006/03/04   4710   486  497  485   294   37   34   28
조현수   11  1970/04/25  51  2018/07/01    596    27   42   52   245   13   16   25
지용철   49  1959/06/27  61  1986/11/20  12103   909 1059 1094   310   10   27   22
최봉주   16  1962/11/19  58  2007/03/08   2675   202  205  219   224   11   14   18
최상식   28  1960/02/25  61  1993/07/13   6055   465  496  521   159   14   15   14
최영주   03  1966/09/03  54  1997/11/19   4802   354  375  352   161   10    7   14
최용건   51  1967/08/09  53  2020/07/01    108    10   10   11   108   10   10   11
최용구   08  1965/10/08  55  2012/07/01   1582   188  167  144   184   18   16   17
토니     30  1974/04/10  47  2019/09/01    193    15   22   23   143   12   17   19
홍대유   06  1963/01/15  58  2006/07/01   3617   306  307  318   295   19   31   24
