-------------------------------------------------------------------------------------
조교사명 조  생년월일   나이 데뷔일자    총출전  1위  2위  3위 1년출전 1위  2위  3위 
-------------------------------------------------------------------------------------
강성오   09  1966/08/20  55  2018/07/01    450    54   52   37   204   22   25   17
강환민   31  1970/05/26  51  2017/07/01    769   104   90   84   218   24   23   21
곽영효   19  1961/09/24  60  1997/05/28   4594   478  444  400   137    8   11    7
구자흥   07  1963/08/07  58  2010/04/05   1918   150  197  194   144   12    6    6
김동균   52  1975/08/24  46  2012/07/01   2527   261  218  231   295   44   30   31
김동철   53  1974/11/28  46  2016/03/16   1307    74  116  114   235   13   19   14
김윤섭   32  1968/09/20  53  1998/07/02   4930   317  403  420   141    5    6   10
김점오   17  1959/05/20  62  1987/07/10   8644   789  796  748   130   13   10   10
리카디   34  1968/03/02  53  2017/11/26    485    53   66   58   167   17   21   21
박대흥   18  1958/08/07  63  1997/05/28   6918   991  787  665   310   38   24   21
박병일   27  1964/04/26  57  2011/07/15   1780   155  173  162   190   16   19   13
박윤규   04  1966/09/26  55  2004/07/01   3995   310  344  368   177   17   10   13
박재우   50  1970/01/02  51  2011/01/26   3018   420  330  298   366   45   46   39
박종곤   01  1962/08/26  59  1997/09/04   4538   463  421  438   240   41   27   31
박천서   54  1963/06/08  58  2003/03/05   4316   412  406  410   192    8   11   12
박희철   15  1961/06/26  60  2002/07/01   5037   376  433  442   131    4    5   10
배대선   20  1960/04/02  61  1995/06/26   7707   851  819  807   262   13   13   22
배휴준   29  1966/09/25  55  2005/07/01   4424   312  365  384   196    4   13    9
서범석   12  1964/07/26  57  1999/07/01   4819   432  441  440   207   13   21   18
서인석   33  1968/11/20  52  2010/12/09   4336   395  433  413   423   35   39   38
서정하   43  1958/12/22  62  2004/09/01   2808   162  218  216   100    2    4    6
서홍수   24  1964/01/04  57  2008/09/24   2208   186  199  202   239   20   28   26
손영표   02  1966/11/14  54  2006/07/27   2831   228  219  197   151    7    9   11
송문길   40  1971/03/22  50  2013/07/01   2114   309  253  218   336   45   34   28
신삼영   41  1963/11/06  57  2010/07/01   2129   199  192  190   174    4   15   10
심승태   37  1978/02/14  43  2012/05/04   2201   169  206  193   109    2    1    6
안병기   22  1966/01/20  55  2008/07/01   3787   392  350  357   337   22   26   24
안해양   26  1961/07/24  60  1999/08/26   4225   374  334  356   208   13   15   16
우창구   05  1963/04/28  58  2008/07/01   3084   311  268  262   200   23   15   16
유재길   23  1961/07/16  60  2000/04/07   5568   406  431  476   149    3    8    8
이관호   42  1966/08/21  55  2013/11/01   2129   236  196  218   364   31   29   31
이신영   14  1980/04/12  41  2011/07/01   2415   320  208  234   215   21   16   14
이준철   48  1980/02/23  41  2021/07/01     36     8    7    5    36    8    7    5
이희영   13  1960/08/16  61  1986/12/04   8312   657  724  738   143    8   13   12
임봉춘   21  1959/04/14  62  2002/08/22   5065   410  431  508   312   23   31   27
임채덕   35  1970/07/09  51  2020/07/01    137     3    4    5   116    3    4    3
전승규   25  1963/10/04  58  2017/04/26    678   113   86   69   192   27   17   15
정호익   10  1965/03/05  56  2006/03/04   4835   497  510  497   323   41   39   34
조현수   11  1970/04/25  51  2018/07/01    694    29   45   59   251    9    8   19
지용철   49  1959/06/27  62  1986/11/20  12249   917 1068 1105   327   13   24   22
최봉주   16  1962/11/19  58  2007/03/08   2781   205  210  224   263   12   12   19
최상식   28  1960/02/25  61  1993/07/13   6121   467  502  527   169   13   17   16
최영주   03  1966/09/03  55  1997/11/19   4838   355  377  357   135    4    6   12
최용건   51  1967/08/09  54  2020/07/01    201    17   14   21   188   16   11   20
최용구   08  1965/10/08  56  2012/07/01   1649   193  171  151   182   13   13   15
토니     30  1974/04/10  47  2019/09/01    261    24   32   34   157   16   17   22
홍대유   06  1963/01/15  58  2006/07/01   3752   321  320  332   327   26   33   24
