-------------------------------------------------------------------------------------
조교사명 조  생년월일   나이 데뷔일자    총출전  1위  2위  3위 1년출전 1위  2위  3위 
-------------------------------------------------------------------------------------
강은석   22  1971/11/10  50  2018/05/17    726    61   57   73   292   19   27   24
강형곤   02  1966/02/07  55  2004/03/02   5304   421  487  507   396   30   38   28
구민성   10  1978/08/11  43  2021/07/01     72     5    4    5    72    5    4    5
구영준   06  1972/06/08  49  2014/09/01   1757   101  127  163   242   11   13   19
권승주   33  1964/01/09  57  2012/03/03   3801   371  384  375   346   39   26   36
김길중   24  1963/03/28  58  2004/05/01   3721   234  297  313   253   14   11   14
김병학   07  1960/03/15  61  2004/03/02   3845   244  280  317   191   12   19   15
김영관   19  1960/06/13  61  2004/03/02   6005  1349  822  669   351   64   31   41
김영민   11  1980/03/08  41  2020/04/10    116    11   21    6    28    4    5    1
김재섭   16  1963/09/23  58  2004/03/02   5057   555  469  461   250   17   25   27
라이스   31  1976/09/15  45  2013/11/29   1920   261  196  202   308   46   28   28
민장기   21  1966/09/09  55  2004/05/01   4909   519  525  472   305   38   32   27
박재호   13  1978/09/20  43  2021/09/29     10     0    2    1    10    0    2    1
방동석   26  1967/12/09  54  2007/10/01   2961   274  270  303   226   27   21   12
백광열   01  1964/11/24  57  2004/03/02   6840   848  753  775   427   54   43   49
손병직   23  1973/11/14  48  2019/08/07    172    13   10    8    16    3    0    0
안우성   15  1974/01/18  47  2014/06/01   1820   226  221  209   284   22   34   25
양귀선   09  1961/11/10  60  2004/03/02   4735   307  351  413   338   28   29   36
울즐리   30  1962/12/24  58  2007/12/20   3495   607  460  369   294   29   41   33
유병복   05  1961/01/01  60  2004/03/02   4480   508  468  435   143    6    5    9
윤영훈   14  1965/03/03  56  2004/03/02   4483   291  359  367   182   11   13   11
이상영   27  1966/02/14  55  2007/10/01   3316   293  296  305   185    7   11   15
이정표   18  1965/03/02  56  2004/03/02   4229   184  267  315   213    3    6    1
임금만   04  1964/03/10  57  2004/03/02   4618   501  530  479   291   22   28   25
임동창   32  1960/05/05  61  2010/07/14   2091    94  112  154   185   11   10   11
장세한   17  1963/06/12  58  2004/03/02   4725   310  352  421   216    4   10   16
조용배   12  1967/03/16  54  2004/03/02   4890   220  298  369   258    6   11   13
최기홍   20  1964/11/09  57  2004/03/02   4380   383  392  383   132   12    8    9
토마스   08  1982/03/05  39  2015/06/01   1819   250  250  196   366   38   42   38
하무선   28  1968/06/15  53  2007/10/01   2252   125  139  182    61    2    2    3
