-------------------------------------------------------------------------------------
조교사명 조  생년월일   나이 데뷔일자    총출전  1위  2위  3위 1년출전 1위  2위  3위 
-------------------------------------------------------------------------------------
강은석   22  1971/11/10  49  2018/05/17    654    57   46   66   268   17   19   22
강형곤   02  1966/02/07  55  2004/03/02   5207   417  480  502   371   33   43   27
구민성   10  1978/08/11  43  2021/07/01     19     0    0    1    19    0    0    1
구영준   06  1972/06/08  49  2014/09/01   1697    95  120  160   220    8    8   20
권승주   33  1964/01/09  57  2012/03/03   3708   363  380  361   305   38   25   25
김길중   24  1963/03/28  58  2004/05/01   3650   233  296  308   241   14   14   17
김병학   07  1960/03/15  61  2004/03/02   3798   241  273  312   185   11   15   14
김영관   19  1960/06/13  61  2004/03/02   5916  1330  812  660   322   50   28   41
김영민   11  1980/03/08  41  2020/04/10    112    11   21    6    59    6   11    1
김재섭   16  1963/09/23  58  2004/03/02   4978   547  462  452   224   12   18   20
라이스   31  1976/09/15  45  2013/11/29   1840   254  191  194   280   44   27   27
문제복   29  1965/02/01  56  2007/10/01   2633   213  208  231   168    3    4   10
민장기   21  1966/09/09  55  2004/05/01   4838   508  522  467   283   39   37   28
박재호   13  1978/09/20  43  2021/09/29      0     0    0    0     0    0    0    0
방동석   26  1967/12/09  53  2007/10/01   2902   266  264  301   206   28   19   13
백광열   01  1964/11/24  56  2004/03/02   6732   830  740  765   389   47   33   44
손병직   23  1973/11/14  47  2019/08/07    172    13   10    8    49    5    2    1
안우성   15  1974/01/18  47  2014/06/01   1752   219  214  206   267   19   35   28
양귀선   09  1961/11/10  59  2004/03/02   4648   299  350  398   312   33   38   26
울즐리   30  1962/12/24  58  2007/12/20   3406   601  450  362   258   29   35   31
유병복   05  1961/01/01  60  2004/03/02   4480   508  468  435   180    9    6    9
윤영훈   14  1965/03/03  56  2004/03/02   4429   288  355  362   161    9   10    8
이상영   27  1966/02/14  55  2007/10/01   3269   290  290  298   187    7    8   11
이정표   18  1965/03/02  56  2004/03/02   4178   182  264  315   203    2    3    2
임금만   04  1964/03/10  57  2004/03/02   4550   497  527  474   284   21   36   27
임동창   32  1960/05/05  61  2010/07/14   2040    88  108  151   173    5    6   10
장세한   17  1963/06/12  58  2004/03/02   4675   309  347  418   215    3    8   16
조용배   12  1967/03/16  54  2004/03/02   4826   218  292  367   240    5    7   13
최기홍   20  1964/11/09  56  2004/03/02   4351   381  390  381   141   11    7    9
토마스   08  1982/03/05  39  2015/06/01   1719   240  236  182   335   32   36   31
하무선   28  1968/06/15  53  2007/10/01   2235   123  139  180    46    0    2    1
