-------------------------------------------------------------------------------------
조교사명 조  생년월일   나이 데뷔일자    총출전  1위  2위  3위 1년출전 1위  2위  3위 
-------------------------------------------------------------------------------------
강병은   13  1966/03/03  55  2004/03/02   3909   342  368  339   174    8   14   14
강은석   22  1971/11/10  49  2018/05/17    607    53   42   62   255   17   18   21
강형곤   02  1966/02/07  55  2004/03/02   5143   414  474  497   352   35   42   25
구민성   10  1978/08/11  42  2021/07/01      1     0    0    0     1    0    0    0
구영준   06  1972/06/08  49  2014/09/01   1646    94  118  154   202   10    6   20
권승주   33  1964/01/09  57  2012/03/03   3642   356  374  355   280   36   24   24
김길중   24  1963/03/28  58  2004/05/01   3617   232  294  307   244   14   16   18
김병학   07  1960/03/15  61  2004/03/02   3766   239  269  310   173    9   15   16
김영관   19  1960/06/13  61  2004/03/02   5849  1320  804  652   305   58   27   36
김영민   11  1980/03/08  41  2020/04/10    112    11   21    6    79    8   13    5
김재섭   16  1963/09/23  57  2004/03/02   4928   544  457  447   212    9   18   16
라이스   31  1976/09/15  44  2013/11/29   1786   242  187  188   264   36   30   25
문제복   29  1965/02/01  56  2007/10/01   2608   213  207  228   156    3    5    7
민장기   21  1966/09/09  54  2004/05/01   4788   505  514  463   275   42   33   32
방동석   26  1967/12/09  53  2007/10/01   2863   261  262  297   193   26   21   11
백광열   01  1964/11/24  56  2004/03/02   6656   820  735  753   365   43   31   39
손병직   23  1973/11/14  47  2019/08/07    172    13   10    8    65    6    3    2
안우성   15  1974/01/18  47  2014/06/01   1703   218  206  206   262   22   31   33
양귀선   09  1961/11/10  59  2004/03/02   4596   294  345  392   311   32   37   25
울즐리   30  1962/12/24  58  2007/12/20   3360   597  442  360   246   33   35   32
유병복   05  1961/01/01  60  2004/03/02   4451   505  467  434   177    8    7    9
윤영훈   14  1965/03/03  56  2004/03/02   4409   286  353  362   161    8    8   11
이상영   27  1966/02/14  55  2007/10/01   3241   289  288  297   197    9    9   13
이정표   18  1965/03/02  56  2004/03/02   4147   181  263  314   198    1    3    1
임금만   04  1964/03/10  57  2004/03/02   4497   493  523  471   273   21   36   30
임동창   32  1960/05/05  61  2010/07/14   2010    88  108  148   177    9    7   13
장세한   17  1963/06/12  58  2004/03/02   4643   309  345  413   216    6   11   13
조용배   12  1967/03/16  54  2004/03/02   4785   218  290  363   232    5    5   11
최기홍   20  1964/11/09  56  2004/03/02   4331   376  389  378   146    7    6    7
토마스   08  1982/03/05  39  2015/06/01   1657   228  230  178   324   30   38   33
하무선   28  1968/06/15  53  2007/10/01   2228   123  138  179    39    0    1    0
