-------------------------------------------------------------------------------------
조교사명 조  생년월일   나이 데뷔일자    총출전  1위  2위  3위 1년출전 1위  2위  3위 
-------------------------------------------------------------------------------------
강병은   13  1966/03/03  55  2004/03/02   3916   343  369  339   175    9   14   14
강은석   22  1971/11/10  49  2018/05/17    618    53   44   62   259   15   20   20
강형곤   02  1966/02/07  55  2004/03/02   5154   414  474  498   358   34   41   26
구민성   10  1978/08/11  42  2021/07/01      3     0    0    1     3    0    0    1
구영준   06  1972/06/08  49  2014/09/01   1658    95  118  155   206   11    6   19
권승주   33  1964/01/09  57  2012/03/03   3654   357  376  356   284   35   26   22
김길중   24  1963/03/28  58  2004/05/01   3622   232  294  307   239   13   15   18
김병학   07  1960/03/15  61  2004/03/02   3772   239  270  311   172    9   13   17
김영관   19  1960/06/13  61  2004/03/02   5864  1322  805  654   311   57   27   36
김영민   11  1980/03/08  41  2020/04/10    112    11   21    6    77    7   13    5
김재섭   16  1963/09/23  57  2004/03/02   4932   545  457  448   211   10   17   17
라이스   31  1976/09/15  44  2013/11/29   1796   247  187  189   269   41   30   26
문제복   29  1965/02/01  56  2007/10/01   2613   213  207  229   159    3    5    8
민장기   21  1966/09/09  54  2004/05/01   4799   505  516  464   277   40   34   29
방동석   26  1967/12/09  53  2007/10/01   2871   262  262  297   195   27   20   10
백광열   01  1964/11/24  56  2004/03/02   6671   821  737  757   370   42   33   42
손병직   23  1973/11/14  47  2019/08/07    172    13   10    8    64    6    3    2
안우성   15  1974/01/18  47  2014/06/01   1715   218  207  206   268   21   32   33
양귀선   09  1961/11/10  59  2004/03/02   4606   296  345  392   310   34   36   24
울즐리   30  1962/12/24  58  2007/12/20   3372   598  445  360   248   33   34   31
유병복   05  1961/01/01  60  2004/03/02   4459   506  467  435   179    9    6   10
윤영훈   14  1965/03/03  56  2004/03/02   4411   287  353  362   160    9    8   11
이상영   27  1966/02/14  55  2007/10/01   3245   289  288  297   190    9    8   12
이정표   18  1965/03/02  56  2004/03/02   4153   181  263  314   198    1    3    1
임금만   04  1964/03/10  57  2004/03/02   4507   494  524  471   278   20   37   29
임동창   32  1960/05/05  61  2010/07/14   2018    88  108  149   177    9    7   14
장세한   17  1963/06/12  58  2004/03/02   4648   309  346  414   216    6   10   14
조용배   12  1967/03/16  54  2004/03/02   4796   218  291  364   235    5    6   12
최기홍   20  1964/11/09  56  2004/03/02   4333   377  389  378   141    8    6    7
토마스   08  1982/03/05  39  2015/06/01   1668   228  231  178   329   28   39   32
하무선   28  1968/06/15  53  2007/10/01   2230   123  139  180    41    0    2    1
