-------------------------------------------------------------------------------------
조교사명 조  생년월일   나이 데뷔일자    총출전  1위  2위  3위 1년출전 1위  2위  3위 
-------------------------------------------------------------------------------------
강성오   09  1966/08/20  55  2018/07/01    434    52   50   35   193   21   23   15
강환민   31  1970/05/26  51  2017/07/01    747   101   89   82   202   22   23   20
곽영효   19  1961/09/24  59  1997/05/28   4582   476  442  399   127    6    9    7
구자흥   07  1963/08/07  58  2010/04/05   1907   149  196  193   137   11    5    5
김동균   52  1975/08/24  46  2012/07/01   2496   256  215  230   269   40   27   30
김동철   53  1974/11/28  46  2016/03/16   1281    73  114  114   213   12   17   15
김윤섭   32  1968/09/20  52  1998/07/02   4915   316  401  418   126    4    4    8
김점오   17  1959/05/20  62  1987/07/10   8635   788  796  746   127   14   10    8
리카디   34  1968/03/02  53  2017/11/26    463    53   60   54   147   17   15   18
박대흥   18  1958/08/07  63  1997/05/28   6886   987  784  664   286   35   21   20
박병일   27  1964/04/26  57  2011/07/15   1758   151  171  162   170   12   17   13
박윤규   04  1966/09/26  54  2004/07/01   3978   309  343  366   166   16   11   12
박재우   50  1970/01/02  51  2011/01/26   2981   414  326  294   337   40   42   35
박종곤   01  1962/08/26  59  1997/09/04   4508   460  418  435   213   38   24   28
박천서   54  1963/06/08  58  2003/03/05   4294   412  405  406   173    8   10    8
박희철   15  1961/06/26  60  2002/07/01   5023   375  432  442   117    3    4   10
배대선   20  1960/04/02  61  1995/06/26   7683   847  817  807   242    9   11   22
배휴준   29  1966/09/25  54  2005/07/01   4406   312  363  383   180    4   11    8
서범석   12  1964/07/26  57  1999/07/01   4801   431  441  438   193   12   22   16
서인석   33  1968/11/20  52  2010/12/09   4291   393  432  409   391   36   39   35
서정하   43  1958/12/22  62  2004/09/01   2798   162  218  215    91    2    4    5
서홍수   24  1964/01/04  57  2008/09/24   2177   182  193  197   214   17   24   21
손영표   02  1966/11/14  54  2006/07/27   2816   226  217  196   139    5    7   10
송문길   40  1971/03/22  50  2013/07/01   2079   306  249  216   304   42   31   26
신삼영   41  1963/11/06  57  2010/07/01   2113   199  190  187   166    4   13    7
심승태   37  1978/02/14  43  2012/05/04   2189   168  206  193   103    1    1    6
안병기   22  1966/01/20  55  2008/07/01   3746   389  349  352   301   19   25   19
안해양   26  1961/07/24  60  1999/08/26   4200   373  332  355   185   13   13   15
우창구   05  1963/04/28  58  2008/07/01   3064   306  266  261   180   18   13   15
유재길   23  1961/07/16  60  2000/04/07   5553   406  430  476   138    3    7    8
이관호   42  1966/08/21  55  2013/11/01   2088   235  192  214   331   32   25   28
이신영   14  1980/04/12  41  2011/07/01   2394   319  207  231   196   20   15   11
이준철   48  1980/02/23  41  2021/07/01     21     5    4    2    21    5    4    2
이희영   13  1960/08/16  61  1986/12/04   8295   655  721  738   128    6   11   13
임봉춘   21  1959/04/14  62  2002/08/22   5037   407  427  504   289   20   28   23
임채덕   35  1970/07/09  51  2020/07/01    120     1    4    4    99    1    4    2
전승규   25  1963/10/04  57  2017/04/26    659   113   86   67   178   27   17   14
정호익   10  1965/03/05  56  2006/03/04   4799   495  507  495   289   39   36   33
조현수   11  1970/04/25  51  2018/07/01    671    28   45   57   230    8    8   17
지용철   49  1959/06/27  62  1986/11/20  12210   915 1065 1102   300   11   22   20
최봉주   16  1962/11/19  58  2007/03/08   2755   204  208  223   243   11   11   18
최상식   28  1960/02/25  61  1993/07/13   6104   466  501  523   153   12   16   12
최영주   03  1966/09/03  55  1997/11/19   4829   354  377  355   131    3    6   10
최용건   51  1967/08/09  54  2020/07/01    181    16   14   20   170   15   12   20
최용구   08  1965/10/08  55  2012/07/01   1629   190  169  149   167   11   12   14
토니     30  1974/04/10  47  2019/09/01    241    22   28   32   141   14   14   20
홍대유   06  1963/01/15  58  2006/07/01   3713   315  315  329   297   20   28   22
