-------------------------------------------------------------------------------------
조교사명 조  생년월일   나이 데뷔일자    총출전  1위  2위  3위 1년출전 1위  2위  3위 
-------------------------------------------------------------------------------------
강성오   09  1966/08/20  54  2018/07/01    320    40   37   23   124   13   16    8
강환민   31  1970/05/26  50  2017/07/01    641    90   76   73   163   18   17   16
곽영효   19  1961/09/24  59  1997/05/28   4511   470  437  396   108    3    9    9
구자흥   07  1963/08/07  57  2010/04/05   1836   142  194  191   116    7    9    7
김대근   48  1957/08/19  63  1986/07/30   8135   783  839  849   127   24   16   14
김동균   52  1975/08/24  45  2012/07/01   2347   232  199  210   195   24   17   19
김동철   53  1974/11/28  46  2016/03/16   1159    64  105  103   153    4   12    9
김윤섭   32  1968/09/20  52  1998/07/02   4841   314  399  413   100    4    3    6
김점오   17  1959/05/20  61  1987/07/10   8574   783  791  742   126   15   10    7
리카디   34  1968/03/02  53  2017/11/26    381    42   50   43   121   15   14   15
박대흥   18  1958/08/07  62  1997/05/28   6729   971  774  650   216   34   21   13
박병일   27  1964/04/26  56  2011/07/15   1662   140  161  155   137    9   10   13
박윤규   04  1966/09/26  54  2004/07/01   3895   299  336  360   156   12   12   13
박재우   50  1970/01/02  51  2011/01/26   2790   389  301  274   246   33   23   26
박종곤   01  1962/08/26  58  1997/09/04   4394   438  403  418   175   24   22   15
박천서   54  1963/06/08  57  2003/03/05   4207   407  402  402   135    5   12    9
박희철   15  1961/06/26  59  2002/07/01   4957   372  428  434   111    0    4    3
배대선   20  1960/04/02  60  1995/06/26   7555   841  811  793   215    8   16   19
배휴준   29  1966/09/25  54  2005/07/01   4303   310  356  377   143    4    7    4
서범석   12  1964/07/26  56  1999/07/01   4684   426  427  430   137   17   16   10
서인석   33  1968/11/20  52  2010/12/09   4072   368  409  394   313   24   27   36
서정하   43  1958/12/22  62  2004/09/01   2749   162  216  212    77    3    3    4
서홍수   24  1964/01/04  57  2008/09/24   2047   174  181  183   150   21   18   11
손영표   02  1966/11/14  54  2006/07/27   2733   222  211  192    96    3    6    9
송문길   40  1971/03/22  49  2013/07/01   1912   285  231  203   220   35   29   24
신삼영   41  1963/11/06  57  2010/07/01   2029   195  179  184   150    4    9    7
심승태   37  1978/02/14  43  2012/05/04   2136   167  205  191   118    2    5    6
안병기   22  1966/01/20  55  2008/07/01   3566   377  335  340   225   17   17   19
안해양   26  1961/07/24  59  1999/08/26   4089   368  322  346   123    9    7   11
우창구   05  1963/04/28  57  2008/07/01   2956   290  255  251   123    8    8   10
유재길   23  1961/07/16  59  2000/04/07   5471   404  426  471   123    2    3    8
이관호   42  1966/08/21  54  2013/11/01   1902   215  178  200   238   24   18   26
이신영   14  1980/04/12  40  2011/07/01   2276   309  199  223   138   20   11   12
이희영   13  1960/08/16  60  1986/12/04   8221   653  714  734   111    8    6   13
임봉춘   21  1959/04/14  61  2002/08/22   4860   392  408  487   196   13   17   12
임채덕   35  1970/07/09  50  2020/07/01     69     0    0    2    69    0    0    2
전승규   25  1963/10/04  57  2017/04/26    571    99   78   59   150   22   15   14
정호익   10  1965/03/05  56  2006/03/04   4641   480  490  479   225   31   27   22
조현수   11  1970/04/25  50  2018/07/01    540    24   40   48   189   10   14   21
지용철   49  1959/06/27  61  1986/11/20  12027   906 1053 1087   234    7   21   15
최봉주   16  1962/11/19  58  2007/03/08   2603   199  202  212   152    8   11   11
최상식   28  1960/02/25  61  1993/07/13   6019   460  494  517   123    9   13   10
최영주   03  1966/09/03  54  1997/11/19   4769   353  373  350   128    9    5   12
최용건   51  1967/08/09  53  2020/07/01     69     6    9    6    69    6    9    6
최용구   08  1965/10/08  55  2012/07/01   1548   185  165  142   150   15   14   15
토니     30  1974/04/10  46  2019/09/01    161    15   19   19   111   12   14   15
홍대유   06  1963/01/15  58  2006/07/01   3548   301  298  313   226   14   22   19
