-------------------------------------------------------------------------------------
조교사명 조  생년월일   나이 데뷔일자    총출전  1위  2위  3위 1년출전 1위  2위  3위 
-------------------------------------------------------------------------------------
강성오   09  1966/08/20  55  2018/07/01    453    54   53   37   203   22   26   16
강환민   31  1970/05/26  51  2017/07/01    773   104   91   84   217   24   24   20
곽영효   19  1961/09/24  60  1997/05/28   4596   478  444  400   135    8   11    7
구자흥   07  1963/08/07  58  2010/04/05   1920   150  198  194   145   12    7    6
김동균   52  1975/08/24  46  2012/07/01   2535   261  218  232   301   44   30   32
김동철   53  1974/11/28  46  2016/03/16   1314    75  116  116   236   14   18   16
김윤섭   32  1968/09/20  53  1998/07/02   4930   317  403  420   138    5    6   10
김점오   17  1959/05/20  62  1987/07/10   8646   789  796  748   127   12    9   10
리카디   34  1968/03/02  53  2017/11/26    490    54   66   59   167   18   21   21
박대흥   18  1958/08/07  63  1997/05/28   6923   993  787  665   310   39   24   21
박병일   27  1964/04/26  57  2011/07/15   1785   155  174  162   189   16   20   13
박윤규   04  1966/09/26  55  2004/07/01   4002   310  345  368   181   17   11   13
박재우   50  1970/01/02  51  2011/01/26   3024   421  331  298   363   46   46   38
박종곤   01  1962/08/26  59  1997/09/04   4543   466  421  438   240   44   27   31
박천서   54  1963/06/08  58  2003/03/05   4318   412  406  410   194    8   11   12
박희철   15  1961/06/26  60  2002/07/01   5039   376  433  442   128    4    5   10
배대선   20  1960/04/02  61  1995/06/26   7712   851  819  808   263   13   11   23
배휴준   29  1966/09/25  55  2005/07/01   4426   312  365  385   189    4   12   10
서범석   12  1964/07/26  57  1999/07/01   4824   433  441  440   211   14   20   18
서인석   33  1968/11/20  52  2010/12/09   4349   396  436  413   430   36   41   37
서정하   43  1958/12/22  62  2004/09/01   2809   162  218  217    96    1    4    7
서홍수   24  1964/01/04  57  2008/09/24   2211   187  199  203   241   21   28   27
손영표   02  1966/11/14  54  2006/07/27   2834   228  219  197   152    7    9   10
송문길   40  1971/03/22  50  2013/07/01   2122   310  254  219   338   45   35   28
신삼영   41  1963/11/06  57  2010/07/01   2134   199  192  191   178    4   15   11
심승태   37  1978/02/14  43  2012/05/04   2201   169  206  193   105    2    1    5
안병기   22  1966/01/20  55  2008/07/01   3793   392  350  357   337   22   26   23
안해양   26  1961/07/24  60  1999/08/26   4231   375  334  358   210   13   15   18
우창구   05  1963/04/28  58  2008/07/01   3089   312  268  262   202   24   15   16
유재길   23  1961/07/16  60  2000/04/07   5571   406  431  476   148    3    8    8
이관호   42  1966/08/21  55  2013/11/01   2138   236  196  219   369   31   28   31
이신영   14  1980/04/12  41  2011/07/01   2420   320  208  235   213   20   16   14
이준철   48  1980/02/23  41  2021/07/01     40     8    8    5    40    8    8    5
이희영   13  1960/08/16  61  1986/12/04   8313   657  724  738   139    7   13   12
임봉춘   21  1959/04/14  62  2002/08/22   5069   410  431  508   308   21   31   27
임채덕   35  1970/07/09  51  2020/07/01    141     3    4    5   118    3    4    3
전승규   25  1963/10/04  58  2017/04/26    683   114   88   69   191   27   19   15
정호익   10  1965/03/05  56  2006/03/04   4842   497  510  497   324   40   37   33
조현수   11  1970/04/25  51  2018/07/01    696    29   46   59   243    9    9   19
지용철   49  1959/06/27  62  1986/11/20  12256   917 1068 1105   329   13   24   22
최봉주   16  1962/11/19  58  2007/03/08   2785   205  210  225   263   12   11   20
최상식   28  1960/02/25  61  1993/07/13   6125   467  503  527   171   13   17   16
최영주   03  1966/09/03  55  1997/11/19   4841   355  377  357   133    3    6   11
최용건   51  1967/08/09  54  2020/07/01    205    18   14   21   187   16   10   20
최용구   08  1965/10/08  56  2012/07/01   1656   193  172  154   183   13   14   17
토니     30  1974/04/10  47  2019/09/01    263    25   32   34   159   17   17   22
홍대유   06  1963/01/15  58  2006/07/01   3760   321  322  332   330   26   34   24
