-------------------------------------------------------------------------------------
조교사명 조  생년월일   나이 데뷔일자    총출전  1위  2위  3위 1년출전 1위  2위  3위 
-------------------------------------------------------------------------------------
강은석   22  1971/11/10  50  2018/05/17    719    60   57   73   294   19   27   25
강형곤   02  1966/02/07  55  2004/03/02   5295   421  486  507   394   30   39   29
구민성   10  1978/08/11  43  2021/07/01     65     5    3    4    65    5    3    4
구영준   06  1972/06/08  49  2014/09/01   1752   101  125  162   242   11   11   19
권승주   33  1964/01/09  57  2012/03/03   3793   369  383  374   344   38   25   35
김길중   24  1963/03/28  58  2004/05/01   3716   234  296  311   254   15   10   12
김병학   07  1960/03/15  61  2004/03/02   3841   244  279  317   193   12   18   15
김영관   19  1960/06/13  61  2004/03/02   5995  1347  822  668   348   62   33   41
김영민   11  1980/03/08  41  2020/04/10    113    11   21    6    30    5    5    1
김재섭   16  1963/09/23  58  2004/03/02   5051   554  469  461   248   16   25   27
라이스   31  1976/09/15  45  2013/11/29   1914   261  196  202   309   47   28   29
민장기   21  1966/09/09  55  2004/05/01   4901   516  525  472   302   36   32   28
박재호   13  1978/09/20  43  2021/09/29      8     0    2    1     8    0    2    1
방동석   26  1967/12/09  54  2007/10/01   2954   273  269  302   224   27   21   11
백광열   01  1964/11/24  57  2004/03/02   6832   846  751  775   424   52   42   49
손병직   23  1973/11/14  48  2019/08/07    172    13   10    8    18    3    0    1
안우성   15  1974/01/18  47  2014/06/01   1812   225  221  209   286   21   36   26
양귀선   09  1961/11/10  60  2004/03/02   4729   306  351  413   337   28   30   37
울즐리   30  1962/12/24  58  2007/12/20   3487   607  460  368   296   31   41   32
유병복   05  1961/01/01  60  2004/03/02   4480   508  468  435   148    7    5    9
윤영훈   14  1965/03/03  56  2004/03/02   4478   291  359  366   182   11   13   11
이상영   27  1966/02/14  55  2007/10/01   3309   293  294  304   184    8   10   14
이정표   18  1965/03/02  56  2004/03/02   4225   184  267  315   213    3    6    1
임금만   04  1964/03/10  57  2004/03/02   4610   501  530  477   288   22   29   23
임동창   32  1960/05/05  61  2010/07/14   2085    94  112  153   185   11   10   10
장세한   17  1963/06/12  58  2004/03/02   4723   310  351  421   218    4    9   16
조용배   12  1967/03/16  54  2004/03/02   4884   220  297  369   255    6   10   13
최기홍   20  1964/11/09  57  2004/03/02   4380   383  392  383   140   12    8   10
토마스   08  1982/03/05  39  2015/06/01   1812   250  250  195   364   38   43   38
하무선   28  1968/06/15  53  2007/10/01   2248   125  139  182    57    2    2    3
