-------------------------------------------------------------------------------------
조교사명 조  생년월일   나이 데뷔일자    총출전  1위  2위  3위 1년출전 1위  2위  3위 
-------------------------------------------------------------------------------------
강성오   09  1966/08/20  55  2018/07/01    482    57   54   42   209   22   26   20
강환민   31  1970/05/26  51  2017/07/01    799   107   95   85   210   23   26   19
곽영효   19  1961/09/24  60  1997/05/28   4622   478  450  402   140    8   14    9
구자흥   07  1963/08/07  58  2010/04/05   1942   150  199  195   140   10    6    6
김동균   52  1975/08/24  46  2012/07/01   2589   266  222  236   311   44   32   32
김동철   53  1974/11/28  47  2016/03/16   1344    77  117  116   233   15   14   14
김윤섭   32  1968/09/20  53  1998/07/02   4952   318  405  422   139    4    6   10
김점오   17  1959/05/20  62  1987/07/10   8660   790  796  751   114   11    7   11
리카디   34  1968/03/02  53  2017/11/26    522    57   67   62   176   16   20   22
박대흥   18  1958/08/07  63  1997/05/28   6968   998  795  667   310   38   29   20
박병일   27  1964/04/26  57  2011/07/15   1820   159  178  163   196   20   21   11
박윤규   04  1966/09/26  55  2004/07/01   4027   313  349  372   176   17   14   16
박재우   50  1970/01/02  51  2011/01/26   3082   425  339  303   373   46   50   37
박종곤   01  1962/08/26  59  1997/09/04   4582   475  424  440   242   45   29   29
박천서   54  1963/06/08  58  2003/03/05   4347   415  411  413   192   11   11   13
박희철   15  1961/06/26  60  2002/07/01   5058   380  433  443   128    8    5   10
배대선   20  1960/04/02  61  1995/06/26   7734   853  821  809   239   14   11   21
배휴준   29  1966/09/25  55  2005/07/01   4453   314  366  386   191    6   11   10
서범석   12  1964/07/26  57  1999/07/01   4860   434  444  444   219   13   21   19
서인석   33  1968/11/20  53  2010/12/09   4426   405  445  421   445   41   46   38
서정하   43  1958/12/22  62  2004/09/01   2818   162  218  218    89    1    3    7
서홍수   24  1964/01/04  57  2008/09/24   2247   196  204  207   249   28   27   28
손영표   02  1966/11/14  55  2006/07/27   2864   229  220  198   160    8   10    9
송문길   40  1971/03/22  50  2013/07/01   2169   317  261  224   342   46   36   28
신삼영   41  1963/11/06  58  2010/07/01   2165   200  193  195   179    5   16   13
심승태   37  1978/02/14  43  2012/05/04   2231   171  206  194   115    4    1    5
안병기   22  1966/01/20  55  2008/07/01   3855   397  354  364   355   24   23   29
안해양   26  1961/07/24  60  1999/08/26   4259   378  341  361   212   10   22   21
우창구   05  1963/04/28  58  2008/07/01   3126   315  269  267   206   26   14   20
유재길   23  1961/07/16  60  2000/04/07   5596   409  432  477   151    6    7    8
이관호   42  1966/08/21  55  2013/11/01   2196   244  201  227   378   33   28   33
이신영   14  1980/04/12  41  2011/07/01   2462   322  209  241   232   18   15   20
이준철   48  1980/02/23  41  2021/07/01     62    12   10    9    62   12   10    9
이희영   13  1960/08/16  61  1986/12/04   8343   659  728  742   149    8   14   13
임봉춘   21  1959/04/14  62  2002/08/22   5120   412  436  510   324   22   32   27
임채덕   35  1970/07/09  51  2020/07/01    164     4    6    7   120    4    6    5
전승규   25  1963/10/04  58  2017/04/26    718   115   92   74   197   23   20   20
정호익   10  1965/03/05  56  2006/03/04   4894   502  512  502   329   38   30   32
조현수   11  1970/04/25  51  2018/07/01    730    30   47   61   236    7    9   18
지용철   49  1959/06/27  62  1986/11/20  12309   919 1072 1111   343   15   26   25
최봉주   16  1962/11/19  59  2007/03/08   2817   207  214  225   262   11   12   18
최상식   28  1960/02/25  61  1993/07/13   6153   469  505  532   174   12   18   16
최영주   03  1966/09/03  55  1997/11/19   4859   356  377  359   128    3    4   12
최용건   51  1967/08/09  54  2020/07/01    243    22   15   22   204   17   10   17
최용구   08  1965/10/08  56  2012/07/01   1678   194  174  154   173   12   13   13
토니     30  1974/04/10  47  2019/09/01    290    25   34   34   166   14   16   18
홍대유   06  1963/01/15  58  2006/07/01   3802   324  327  336   326   28   35   25
