-------------------------------------------------------------------------------------
조교사명 조  생년월일   나이 데뷔일자    총출전  1위  2위  3위 1년출전 1위  2위  3위 
-------------------------------------------------------------------------------------
강성오   09  1966/08/20  54  2018/07/01    401    50   48   29   189   20   26   13
강환민   31  1970/05/26  51  2017/07/01    726   100   88   80   227   26   28   22
곽영효   19  1961/09/24  59  1997/05/28   4565   475  440  396   143    6   11    8
구자흥   07  1963/08/07  57  2010/04/05   1890   147  196  193   153   12   10    7
김동균   52  1975/08/24  45  2012/07/01   2450   248  213  225   270   37   31   29
김동철   53  1974/11/28  46  2016/03/16   1249    71  110  112   219   11   16   16
김윤섭   32  1968/09/20  52  1998/07/02   4896   315  401  416   136    4    5    8
김점오   17  1959/05/20  62  1987/07/10   8619   785  794  746   150   15   10    9
리카디   34  1968/03/02  53  2017/11/26    440    50   58   51   159   22   17   21
박대흥   18  1958/08/07  62  1997/05/28   6840   982  781  660   289   36   22   22
박병일   27  1964/04/26  57  2011/07/15   1732   149  168  160   182   14   15   13
박윤규   04  1966/09/26  54  2004/07/01   3956   308  341  363   192   20   14   12
박재우   50  1970/01/02  51  2011/01/26   2932   406  320  288   353   40   40   37
박종곤   01  1962/08/26  58  1997/09/04   4479   455  414  429   230   38   29   25
박천서   54  1963/06/08  58  2003/03/05   4271   410  403  405   177    8    9   11
박희철   15  1961/06/26  60  2002/07/01   5005   373  430  442   136    1    4   10
배대선   20  1960/04/02  61  1995/06/26   7648   847  815  801   264   11   16   23
배휴준   29  1966/09/25  54  2005/07/01   4387   311  362  383   206    4   13    9
서범석   12  1964/07/26  56  1999/07/01   4776   429  437  437   206   17   23   15
서인석   33  1968/11/20  52  2010/12/09   4229   383  426  403   416   36   39   40
서정하   43  1958/12/22  62  2004/09/01   2787   162  218  214   102    3    4    5
서홍수   24  1964/01/04  57  2008/09/24   2141   180  188  193   216   22   24   19
손영표   02  1966/11/14  54  2006/07/27   2791   225  214  196   138    5    6   12
송문길   40  1971/03/22  50  2013/07/01   2042   303  247  211   317   45   37   28
신삼영   41  1963/11/06  57  2010/07/01   2091   198  186  186   193    7   12    9
심승태   37  1978/02/14  43  2012/05/04   2180   167  206  193   140    1    3    7
안병기   22  1966/01/20  55  2008/07/01   3696   384  346  350   317   23   26   24
안해양   26  1961/07/24  59  1999/08/26   4166   371  327  351   186   12   11   15
우창구   05  1963/04/28  58  2008/07/01   3035   302  262  259   179   16   12   16
유재길   23  1961/07/16  60  2000/04/07   5531   406  430  474   158    3    7    9
이관호   42  1966/08/21  54  2013/11/01   2039   229  186  209   339   35   22   33
이신영   14  1980/04/12  41  2011/07/01   2365   317  204  230   203   25   15   14
이준철   48  1980/02/23  41  2021/07/01      4     0    0    2     4    0    0    2
이희영   13  1960/08/16  60  1986/12/04   8277   654  719  736   146    7    9   13
임봉춘   21  1959/04/14  62  2002/08/22   4992   404  421  499   295   22   27   23
임채덕   35  1970/07/09  51  2020/07/01    101     0    3    3   101    0    3    3
전승규   25  1963/10/04  57  2017/04/26    632   108   83   65   185   29   19   15
정호익   10  1965/03/05  56  2006/03/04   4763   491  503  494   310   40   34   36
조현수   11  1970/04/25  51  2018/07/01    641    28   44   53   254   12   16   19
지용철   49  1959/06/27  62  1986/11/20  12163   913 1061 1097   325   10   26   21
최봉주   16  1962/11/19  58  2007/03/08   2723   202  207  221   250   11   14   18
최상식   28  1960/02/25  61  1993/07/13   6085   465  500  523   164   12   17   15
최영주   03  1966/09/03  54  1997/11/19   4819   354  377  354   155    7    8   13
최용건   51  1967/08/09  53  2020/07/01    149    12   12   17   149   12   12   17
최용구   08  1965/10/08  55  2012/07/01   1609   190  167  147   187   19   13   14
토니     30  1974/04/10  47  2019/09/01    220    19   26   29   149   15   19   21
홍대유   06  1963/01/15  58  2006/07/01   3669   311  311  324   313   18   31   27
