-------------------------------------------------------------------------------------
조교사명 조  생년월일   나이 데뷔일자    총출전  1위  2위  3위 1년출전 1위  2위  3위 
-------------------------------------------------------------------------------------
강병은   13  1966/03/03  55  2004/03/02   3870   337  363  336   170    5   10   12
강은석   22  1971/11/10  49  2018/05/17    538    47   37   56   219   13   15   19
강형곤   02  1966/02/07  55  2004/03/02   5048   406  462  492   315   30   37   25
구영준   06  1972/06/08  48  2014/09/01   1596    92  117  150   190   10    7   18
권승주   33  1964/01/09  57  2012/03/03   3567   344  370  348   247   31   21   21
김길중   24  1963/03/28  58  2004/05/01   3575   227  289  304   248   14   14   17
김남중   10  1958/04/28  63  2004/03/02   3898   287  338  351   162    9    6   10
김병학   07  1960/03/15  61  2004/03/02   3725   237  266  306   154    8   13   14
김영관   19  1960/06/13  60  2004/03/02   5774  1305  798  641   297   57   34   34
김영민   11  1980/03/08  41  2020/04/10    112    11   21    6   112   11   21    6
김재섭   16  1963/09/23  57  2004/03/02   4888   541  451  444   204    9   16   13
라이스   31  1976/09/15  44  2013/11/29   1717   224  179  182   253   27   28   29
문제복   29  1965/02/01  56  2007/10/01   2570   213  206  226   129    4    4    6
민장기   21  1966/09/09  54  2004/05/01   4727   497  510  456   254   37   36   29
방동석   26  1967/12/09  53  2007/10/01   2819   257  256  296   184   27   17   17
백광열   01  1964/11/24  56  2004/03/02   6565   812  721  744   344   39   28   42
손병직   23  1973/11/14  47  2019/08/07    172    13   10    8    91    9    5    3
안우성   15  1974/01/18  47  2014/06/01   1639   217  200  195   247   26   29   29
양귀선   09  1961/11/10  59  2004/03/02   4515   289  339  387   284   33   33   23
울즐리   30  1962/12/24  58  2007/12/20   3294   589  431  349   229   33   30   26
유병복   05  1961/01/01  60  2004/03/02   4412   504  465  432   167    8    8    9
윤영훈   14  1965/03/03  56  2004/03/02   4367   284  351  356   140    6    7    6
이상영   27  1966/02/14  55  2007/10/01   3210   288  287  293   213   11    8   12
이정표   18  1965/03/02  56  2004/03/02   4093   181  262  314   175    2    3    2
임금만   04  1964/03/10  57  2004/03/02   4436   488  514  467   256   18   31   30
임동창   32  1960/05/05  61  2010/07/14   1970    87  107  146   167   11    8   13
장세한   17  1963/06/12  57  2004/03/02   4597   307  343  411   205    4   12   16
조용배   12  1967/03/16  54  2004/03/02   4730   215  290  361   217    2    6   12
최기홍   20  1964/11/09  56  2004/03/02   4301   375  387  377   143    9    5    7
토마스   08  1982/03/05  39  2015/06/01   1572   222  220  168   298   32   39   31
하무선   28  1968/06/15  52  2007/10/01   2217   123  138  179    28    0    1    0
