-------------------------------------------------------------------------------------
조교사명 조  생년월일   나이 데뷔일자    총출전  1위  2위  3위 1년출전 1위  2위  3위 
-------------------------------------------------------------------------------------
강성오   09  1966/08/20  54  2018/07/01    366    45   42   27   170   18   21   12
강환민   31  1970/05/26  51  2017/07/01    694    97   84   76   216   25   25   19
곽영효   19  1961/09/24  59  1997/05/28   4543   473  438  396   140    6   10    9
구자흥   07  1963/08/07  57  2010/04/05   1874   144  196  192   154    9   11    8
김대근   48  1957/08/19  63  1986/07/30   8171   789  843  850   163   30   20   15
김동균   52  1975/08/24  45  2012/07/01   2412   243  211  220   260   35   29   29
김동철   53  1974/11/28  46  2016/03/16   1213    66  109  107   207    6   16   13
김윤섭   32  1968/09/20  52  1998/07/02   4873   315  401  416   132    5    5    9
김점오   17  1959/05/20  62  1987/07/10   8601   784  792  744   153   16   11    9
리카디   34  1968/03/02  53  2017/11/26    418    47   53   50   158   20   17   22
박대흥   18  1958/08/07  62  1997/05/28   6798   978  777  658   285   41   24   21
박병일   27  1964/04/26  57  2011/07/15   1713   145  164  158   188   14   13   16
박윤규   04  1966/09/26  54  2004/07/01   3934   302  339  362   195   15   15   15
박재우   50  1970/01/02  51  2011/01/26   2883   403  314  283   339   47   36   35
박종곤   01  1962/08/26  58  1997/09/04   4447   448  410  424   228   34   29   21
박천서   54  1963/06/08  57  2003/03/05   4250   408  402  405   178    6   12   12
박희철   15  1961/06/26  59  2002/07/01   4985   373  428  438   139    1    4    7
배대선   20  1960/04/02  61  1995/06/26   7615   843  813  798   275   10   18   24
배휴준   29  1966/09/25  54  2005/07/01   4359   311  362  380   199    5   13    7
서범석   12  1964/07/26  56  1999/07/01   4744   429  432  434   197   20   21   14
서인석   33  1968/11/20  52  2010/12/09   4170   375  420  401   411   31   38   43
서정하   43  1958/12/22  62  2004/09/01   2771   162  217  212    99    3    4    4
서홍수   24  1964/01/04  57  2008/09/24   2106   177  186  187   209   24   23   15
손영표   02  1966/11/14  54  2006/07/27   2769   223  212  196   132    4    7   13
송문길   40  1971/03/22  50  2013/07/01   1994   298  241  208   302   48   39   29
신삼영   41  1963/11/06  57  2010/07/01   2072   196  184  185   193    5   14    8
심승태   37  1978/02/14  43  2012/05/04   2164   167  205  193   146    2    5    8
안병기   22  1966/01/20  55  2008/07/01   3644   383  340  344   303   23   22   23
안해양   26  1961/07/24  59  1999/08/26   4141   370  325  347   175   11   10   12
우창구   05  1963/04/28  58  2008/07/01   3001   294  258  258   168   12   11   17
유재길   23  1961/07/16  59  2000/04/07   5507   405  428  474   159    3    5   11
이관호   42  1966/08/21  54  2013/11/01   1989   223  180  205   325   32   20   31
이신영   14  1980/04/12  41  2011/07/01   2334   315  202  226   196   26   14   15
이희영   13  1960/08/16  60  1986/12/04   8259   654  718  735   149    9   10   14
임봉춘   21  1959/04/14  62  2002/08/22   4944   400  418  493   280   21   27   18
임채덕   35  1970/07/09  50  2020/07/01     88     0    1    2    88    0    1    2
전승규   25  1963/10/04  57  2017/04/26    609   105   80   64   188   28   17   19
정호익   10  1965/03/05  56  2006/03/04   4718   486  498  487   302   37   35   30
조현수   11  1970/04/25  51  2018/07/01    602    27   43   52   251   13   17   25
지용철   49  1959/06/27  61  1986/11/20  12110   911 1059 1095   317   12   27   23
최봉주   16  1962/11/19  58  2007/03/08   2688   202  205  220   237   11   14   19
최상식   28  1960/02/25  61  1993/07/13   6060   465  496  522   164   14   15   15
최영주   03  1966/09/03  54  1997/11/19   4804   354  375  352   163   10    7   14
최용건   51  1967/08/09  53  2020/07/01    112    10   10   11   112   10   10   11
최용구   08  1965/10/08  55  2012/07/01   1583   188  167  144   185   18   16   17
토니     30  1974/04/10  47  2019/09/01    195    15   22   23   145   12   17   19
홍대유   06  1963/01/15  58  2006/07/01   3626   306  308  319   304   19   32   25
