-------------------------------------------------------------------------------------
조교사명 조  생년월일   나이 데뷔일자    총출전  1위  2위  3위 1년출전 1위  2위  3위 
-------------------------------------------------------------------------------------
강성오   09  1966/08/20  54  2018/07/01    413    50   49   31   187   19   26   12
강환민   31  1970/05/26  51  2017/07/01    732   100   88   82   210   23   25   21
곽영효   19  1961/09/24  59  1997/05/28   4572   475  441  398   137    6   12    8
구자흥   07  1963/08/07  58  2010/04/05   1897   148  196  193   143   11    7    7
김동균   52  1975/08/24  45  2012/07/01   2465   249  213  226   262   35   29   27
김동철   53  1974/11/28  46  2016/03/16   1260    71  112  112   215   11   16   14
김윤섭   32  1968/09/20  52  1998/07/02   4905   316  401  417   132    4    5    8
김점오   17  1959/05/20  62  1987/07/10   8625   786  794  746   137   15    9    8
리카디   34  1968/03/02  53  2017/11/26    449    50   59   51   152   17   16   19
박대흥   18  1958/08/07  63  1997/05/28   6858   983  781  661   283   34   20   21
박병일   27  1964/04/26  57  2011/07/15   1739   150  170  160   169   14   17   11
박윤규   04  1966/09/26  54  2004/07/01   3964   308  341  363   177   19   10    9
박재우   50  1970/01/02  51  2011/01/26   2948   409  321  291   341   40   38   37
박종곤   01  1962/08/26  58  1997/09/04   4486   456  416  430   219   37   27   25
박천서   54  1963/06/08  58  2003/03/05   4279   411  404  405   173    9   10    9
박희철   15  1961/06/26  60  2002/07/01   5010   374  430  442   121    2    4   10
배대선   20  1960/04/02  61  1995/06/26   7663   847  816  804   253   11   14   24
배휴준   29  1966/09/25  54  2005/07/01   4395   311  363  383   192    3   12    9
서범석   12  1964/07/26  57  1999/07/01   4784   431  437  438   194   16   20   16
서인석   33  1968/11/20  52  2010/12/09   4254   387  430  406   396   36   39   39
서정하   43  1958/12/22  62  2004/09/01   2790   162  218  214    94    3    4    4
서홍수   24  1964/01/04  57  2008/09/24   2155   181  190  195   212   17   25   20
손영표   02  1966/11/14  54  2006/07/27   2797   225  215  196   130    4    6   11
송문길   40  1971/03/22  50  2013/07/01   2057   304  248  213   313   45   34   27
신삼영   41  1963/11/06  57  2010/07/01   2101   198  188  187   179    5   12    9
심승태   37  1978/02/14  43  2012/05/04   2181   167  206  193   117    1    1    6
안병기   22  1966/01/20  55  2008/07/01   3712   387  347  351   302   24   25   22
안해양   26  1961/07/24  60  1999/08/26   4180   372  327  351   184   13   10   14
우창구   05  1963/04/28  58  2008/07/01   3044   303  264  259   175   15   11   15
유재길   23  1961/07/16  60  2000/04/07   5537   406  430  475   143    3    7    7
이관호   42  1966/08/21  54  2013/11/01   2058   232  189  211   329   33   24   31
이신영   14  1980/04/12  41  2011/07/01   2375   318  205  231   196   24   13   13
이준철   48  1980/02/23  41  2021/07/01     10     2    1    2    10    2    1    2
이희영   13  1960/08/16  60  1986/12/04   8285   655  721  736   137    8   11   11
임봉춘   21  1959/04/14  62  2002/08/22   5005   406  423  500   286   22   27   21
임채덕   35  1970/07/09  51  2020/07/01    109     0    3    3   103    0    3    2
전승규   25  1963/10/04  57  2017/04/26    643   110   84   66   177   25   17   16
정호익   10  1965/03/05  56  2006/03/04   4776   494  504  494   299   39   34   34
조현수   11  1970/04/25  51  2018/07/01    650    28   44   55   235    9   11   17
지용철   49  1959/06/27  62  1986/11/20  12181   914 1062 1099   314   11   24   22
최봉주   16  1962/11/19  58  2007/03/08   2734   202  208  223   243   10   14   20
최상식   28  1960/02/25  61  1993/07/13   6092   465  500  523   157   11   15   14
최영주   03  1966/09/03  54  1997/11/19   4821   354  377  354   144    5    8   12
최용건   51  1967/08/09  54  2020/07/01    161    13   13   18   157   12   13   18
최용구   08  1965/10/08  55  2012/07/01   1617   190  169  147   172   15   14   13
토니     30  1974/04/10  47  2019/09/01    227    21   26   30   146   16   18   19
홍대유   06  1963/01/15  58  2006/07/01   3688   311  312  327   305   17   28   26
