-------------------------------------------------------------------------------------
조교사명 조  생년월일   나이 데뷔일자    총출전  1위  2위  3위 1년출전 1위  2위  3위 
-------------------------------------------------------------------------------------
강은석   22  1971/11/10  49  2018/05/17    641    57   45   65   255   17   18   21
강형곤   02  1966/02/07  55  2004/03/02   5194   415  478  502   358   31   41   27
구민성   10  1978/08/11  43  2021/07/01     11     0    0    1    11    0    0    1
구영준   06  1972/06/08  49  2014/09/01   1688    95  120  159   211    8    8   19
권승주   33  1964/01/09  57  2012/03/03   3694   363  380  360   291   38   25   24
김길중   24  1963/03/28  58  2004/05/01   3644   233  296  308   235   14   14   17
김병학   07  1960/03/15  61  2004/03/02   3789   239  272  312   176    9   14   14
김영관   19  1960/06/13  61  2004/03/02   5895  1326  809  658   301   46   25   39
김영민   11  1980/03/08  41  2020/04/10    112    11   21    6    59    6   11    1
김재섭   16  1963/09/23  57  2004/03/02   4964   546  461  451   210   11   17   19
라이스   31  1976/09/15  44  2013/11/29   1827   252  189  191   267   42   25   24
문제복   29  1965/02/01  56  2007/10/01   2626   213  208  230   161    3    4    9
민장기   21  1966/09/09  54  2004/05/01   4824   507  520  467   269   38   35   28
방동석   26  1967/12/09  53  2007/10/01   2892   265  262  299   196   27   17   11
백광열   01  1964/11/24  56  2004/03/02   6713   829  738  761   370   46   31   40
손병직   23  1973/11/14  47  2019/08/07    172    13   10    8    49    5    2    1
안우성   15  1974/01/18  47  2014/06/01   1741   219  213  206   256   19   34   28
양귀선   09  1961/11/10  59  2004/03/02   4635   299  349  397   299   33   37   25
울즐리   30  1962/12/24  58  2007/12/20   3393   599  449  361   245   27   34   30
유병복   05  1961/01/01  60  2004/03/02   4477   508  467  435   177    9    5    9
윤영훈   14  1965/03/03  56  2004/03/02   4424   288  354  362   156    9    9    8
이상영   27  1966/02/14  55  2007/10/01   3260   290  289  297   178    7    7   10
이정표   18  1965/03/02  56  2004/03/02   4170   181  263  315   195    1    2    2
임금만   04  1964/03/10  57  2004/03/02   4536   497  525  472   270   21   34   25
임동창   32  1960/05/05  61  2010/07/14   2032    88  108  150   165    5    6    9
장세한   17  1963/06/12  58  2004/03/02   4664   309  347  416   204    3    8   14
조용배   12  1967/03/16  54  2004/03/02   4815   218  292  366   229    5    7   12
최기홍   20  1964/11/09  56  2004/03/02   4343   378  390  380   133    8    7    8
토마스   08  1982/03/05  39  2015/06/01   1699   234  235  182   315   26   35   31
하무선   28  1968/06/15  53  2007/10/01   2233   123  139  180    44    0    2    1
