-------------------------------------------------------------------------------------
조교사명 조  생년월일   나이 데뷔일자    총출전  1위  2위  3위 1년출전 1위  2위  3위 
-------------------------------------------------------------------------------------
강성오   09  1966/08/20  54  2018/07/01    397    49   48   29   189   20   26   13
강환민   31  1970/05/26  51  2017/07/01    723   100   87   79   225   26   27   21
곽영효   19  1961/09/24  59  1997/05/28   4562   475  440  396   144    6   12    8
구자흥   07  1963/08/07  57  2010/04/05   1889   147  196  192   157   12   10    6
김동균   52  1975/08/24  45  2012/07/01   2445   247  213  224   271   36   31   30
김동철   53  1974/11/28  46  2016/03/16   1243    69  110  111   218    9   16   17
김윤섭   32  1968/09/20  52  1998/07/02   4892   315  401  416   137    4    5    8
김점오   17  1959/05/20  62  1987/07/10   8617   785  794  745   152   15   10    9
리카디   34  1968/03/02  53  2017/11/26    438    50   57   51   159   22   18   21
박대흥   18  1958/08/07  62  1997/05/28   6838   982  781  660   293   37   24   22
박병일   27  1964/04/26  57  2011/07/15   1732   149  168  160   188   17   15   14
박윤규   04  1966/09/26  54  2004/07/01   3951   305  341  363   192   18   15   14
박재우   50  1970/01/02  51  2011/01/26   2925   406  319  288   356   44   39   37
박종곤   01  1962/08/26  58  1997/09/04   4470   453  413  428   226   36   29   25
박천서   54  1963/06/08  58  2003/03/05   4268   410  403  405   176    8    9   11
박희철   15  1961/06/26  60  2002/07/01   5004   373  430  442   141    1    5   10
배대선   20  1960/04/02  61  1995/06/26   7644   846  815  801   269   10   18   23
배휴준   29  1966/09/25  54  2005/07/01   4386   311  362  383   207    4   13    9
서범석   12  1964/07/26  56  1999/07/01   4772   429  437  437   207   17   24   16
서인석   33  1968/11/20  52  2010/12/09   4220   382  426  403   417   36   40   40
서정하   43  1958/12/22  62  2004/09/01   2784   162  217  213    99    3    3    4
서홍수   24  1964/01/04  57  2008/09/24   2134   180  188  192   215   25   24   19
손영표   02  1966/11/14  54  2006/07/27   2786   225  213  196   137    5    6   12
송문길   40  1971/03/22  50  2013/07/01   2034   303  243  211   321   46   38   30
신삼영   41  1963/11/06  57  2010/07/01   2088   198  186  186   195    7   13    9
심승태   37  1978/02/14  43  2012/05/04   2179   167  206  193   143    1    4    7
안병기   22  1966/01/20  55  2008/07/01   3687   384  345  349   317   24   25   24
안해양   26  1961/07/24  59  1999/08/26   4162   371  327  351   185   12   11   16
우창구   05  1963/04/28  58  2008/07/01   3030   301  261  259   179   15   11   16
유재길   23  1961/07/16  59  2000/04/07   5527   406  430  474   158    3    7    9
이관호   42  1966/08/21  54  2013/11/01   2035   228  184  209   340   34   20   33
이신영   14  1980/04/12  41  2011/07/01   2360   317  204  230   202   26   16   14
이준철   48  1980/02/23  41  2021/07/01      1     0    0    0     1    0    0    0
이희영   13  1960/08/16  60  1986/12/04   8276   654  719  736   151    9   10   15
임봉춘   21  1959/04/14  62  2002/08/22   4985   403  421  498   294   21   27   23
임채덕   35  1970/07/09  51  2020/07/01     99     0    2    3    99    0    2    3
전승규   25  1963/10/04  57  2017/04/26    632   108   83   65   190   29   20   16
정호익   10  1965/03/05  56  2006/03/04   4755   490  502  493   308   40   33   35
조현수   11  1970/04/25  51  2018/07/01    637    28   44   52   254   13   16   20
지용철   49  1959/06/27  62  1986/11/20  12157   913 1061 1097   334   12   27   23
최봉주   16  1962/11/19  58  2007/03/08   2721   202  207  220   254   11   15   17
최상식   28  1960/02/25  61  1993/07/13   6081   465  500  523   164   13   17   15
최영주   03  1966/09/03  54  1997/11/19   4818   354  377  354   160    8    8   14
최용건   51  1967/08/09  53  2020/07/01    143    12   12   15   143   12   12   15
최용구   08  1965/10/08  55  2012/07/01   1604   189  167  147   187   18   13   14
토니     30  1974/04/10  47  2019/09/01    216    18   26   29   148   15   19   22
홍대유   06  1963/01/15  58  2006/07/01   3663   310  309  323   312   18   31   26
