-------------------------------------------------------------------------------------
조교사명 조  생년월일   나이 데뷔일자    총출전  1위  2위  3위 1년출전 1위  2위  3위 
-------------------------------------------------------------------------------------
강병은   13  1966/03/03  55  2004/03/02   3886   339  365  338   186    7   12   14
강은석   22  1971/11/10  49  2018/05/17    569    50   40   59   250   16   18   22
강형곤   02  1966/02/07  55  2004/03/02   5097   410  470  494   364   34   45   27
구영준   06  1972/06/08  49  2014/09/01   1616    94  117  151   210   12    7   19
권승주   33  1964/01/09  57  2012/03/03   3600   346  372  351   280   33   23   24
김길중   24  1963/03/28  58  2004/05/01   3596   230  289  306   269   17   14   19
김남중   10  1958/04/28  63  2004/03/02   3918   287  338  352   182    9    6   11
김병학   07  1960/03/15  61  2004/03/02   3746   237  268  307   175    8   15   15
김영관   19  1960/06/13  61  2004/03/02   5808  1311  803  644   331   63   39   37
김영민   11  1980/03/08  41  2020/04/10    112    11   21    6   112   11   21    6
김재섭   16  1963/09/23  57  2004/03/02   4905   541  452  444   221    9   17   13
라이스   31  1976/09/15  44  2013/11/29   1752   234  182  185   288   37   31   32
문제복   29  1965/02/01  56  2007/10/01   2588   213  207  228   147    4    5    8
민장기   21  1966/09/09  54  2004/05/01   4758   501  512  460   285   41   38   33
방동석   26  1967/12/09  53  2007/10/01   2840   261  258  296   205   31   19   17
백광열   01  1964/11/24  56  2004/03/02   6609   816  727  747   388   43   34   45
손병직   23  1973/11/14  47  2019/08/07    172    13   10    8    91    9    5    3
안우성   15  1974/01/18  47  2014/06/01   1672   217  203  201   280   26   32   35
양귀선   09  1961/11/10  59  2004/03/02   4557   292  343  389   326   36   37   25
울즐리   30  1962/12/24  58  2007/12/20   3323   592  435  354   258   36   34   31
유병복   05  1961/01/01  60  2004/03/02   4431   504  465  433   186    8    8   10
윤영훈   14  1965/03/03  56  2004/03/02   4386   284  351  358   159    6    7    8
이상영   27  1966/02/14  55  2007/10/01   3224   288  288  296   227   11    9   15
이정표   18  1965/03/02  56  2004/03/02   4120   181  262  314   202    2    3    2
임금만   04  1964/03/10  57  2004/03/02   4464   491  516  470   284   21   33   33
임동창   32  1960/05/05  61  2010/07/14   1989    88  107  148   186   12    8   15
장세한   17  1963/06/12  58  2004/03/02   4617   307  345  412   225    4   14   17
조용배   12  1967/03/16  54  2004/03/02   4755   217  290  362   242    4    6   13
최기홍   20  1964/11/09  56  2004/03/02   4311   376  388  377   153   10    6    7
토마스   08  1982/03/05  39  2015/06/01   1610   225  226  172   336   35   45   35
하무선   28  1968/06/15  52  2007/10/01   2222   123  138  179    33    0    1    0
