-------------------------------------------------------------------------------------
조교사명 조  생년월일   나이 데뷔일자    총출전  1위  2위  3위 1년출전 1위  2위  3위 
-------------------------------------------------------------------------------------
강성오   09  1966/08/20  54  2018/07/01    376    46   44   28   180   19   23   13
강환민   31  1970/05/26  51  2017/07/01    699    97   85   77   221   25   26   20
곽영효   19  1961/09/24  59  1997/05/28   4547   474  438  396   144    7   10    9
구자흥   07  1963/08/07  57  2010/04/05   1878   144  196  192   158    9   11    8
김대근   48  1957/08/19  63  1986/07/30   8175   790  843  852   167   31   20   17
김동균   52  1975/08/24  45  2012/07/01   2423   244  211  222   271   36   29   31
김동철   53  1974/11/28  46  2016/03/16   1222    67  109  109   216    7   16   15
김윤섭   32  1968/09/20  52  1998/07/02   4880   315  401  416   139    5    5    9
김점오   17  1959/05/20  62  1987/07/10   8605   784  792  745   157   16   11   10
리카디   34  1968/03/02  53  2017/11/26    425    48   55   50   165   21   19   22
박대흥   18  1958/08/07  62  1997/05/28   6812   978  778  658   299   41   25   21
박병일   27  1964/04/26  57  2011/07/15   1720   146  166  158   195   15   15   16
박윤규   04  1966/09/26  54  2004/07/01   3941   303  341  363   202   16   17   16
박재우   50  1970/01/02  51  2011/01/26   2895   404  316  284   351   48   38   36
박종곤   01  1962/08/26  58  1997/09/04   4456   453  412  426   237   39   31   23
박천서   54  1963/06/08  58  2003/03/05   4256   409  403  405   184    7   13   12
박희철   15  1961/06/26  59  2002/07/01   4988   373  428  438   142    1    4    7
배대선   20  1960/04/02  61  1995/06/26   7627   844  813  799   287   11   18   25
배휴준   29  1966/09/25  54  2005/07/01   4368   311  362  380   208    5   13    7
서범석   12  1964/07/26  56  1999/07/01   4754   429  435  435   207   20   24   15
서인석   33  1968/11/20  52  2010/12/09   4187   375  422  402   428   31   40   44
서정하   43  1958/12/22  62  2004/09/01   2776   162  217  212   104    3    4    4
서홍수   24  1964/01/04  57  2008/09/24   2115   177  186  188   218   24   23   16
손영표   02  1966/11/14  54  2006/07/27   2774   224  213  196   137    5    8   13
송문길   40  1971/03/22  50  2013/07/01   2010   301  241  208   318   51   39   29
신삼영   41  1963/11/06  57  2010/07/01   2077   197  185  186   198    6   15    9
심승태   37  1978/02/14  43  2012/05/04   2169   167  205  193   151    2    5    8
안병기   22  1966/01/20  55  2008/07/01   3660   383  342  345   319   23   24   24
안해양   26  1961/07/24  59  1999/08/26   4145   371  325  347   179   12   10   12
우창구   05  1963/04/28  58  2008/07/01   3012   297  259  258   179   15   12   17
유재길   23  1961/07/16  59  2000/04/07   5511   406  428  474   163    4    5   11
이관호   42  1966/08/21  54  2013/11/01   2002   225  181  207   338   34   21   33
이신영   14  1980/04/12  41  2011/07/01   2340   315  202  226   202   26   14   15
이희영   13  1960/08/16  60  1986/12/04   8266   654  719  735   156    9   11   14
임봉춘   21  1959/04/14  62  2002/08/22   4956   402  418  496   292   23   27   21
임채덕   35  1970/07/09  50  2020/07/01     93     0    2    3    93    0    2    3
전승규   25  1963/10/04  57  2017/04/26    619   106   83   64   198   29   20   19
정호익   10  1965/03/05  56  2006/03/04   4732   487  499  489   316   38   36   32
조현수   11  1970/04/25  51  2018/07/01    618    27   43   52   267   13   17   25
지용철   49  1959/06/27  61  1986/11/20  12127   911 1059 1096   334   12   27   24
최봉주   16  1962/11/19  58  2007/03/08   2696   202  205  220   245   11   14   19
최상식   28  1960/02/25  61  1993/07/13   6066   465  497  523   170   14   16   16
최영주   03  1966/09/03  54  1997/11/19   4808   354  375  353   167   10    7   15
최용건   51  1967/08/09  53  2020/07/01    124    11   10   12   124   11   10   12
최용구   08  1965/10/08  55  2012/07/01   1591   189  167  145   193   19   16   18
토니     30  1974/04/10  47  2019/09/01    205    17   25   26   155   14   20   22
홍대유   06  1963/01/15  58  2006/07/01   3640   306  308  320   318   19   32   26
