-------------------------------------------------------------------------------------
조교사명 조  생년월일   나이 데뷔일자    총출전  1위  2위  3위 1년출전 1위  2위  3위 
-------------------------------------------------------------------------------------
강성오   09  1966/08/20  54  2018/07/01    310    39   35   23   118   14   14    9
강환민   31  1970/05/26  50  2017/07/01    628    89   74   71   151   17   15   14
곽영효   19  1961/09/24  59  1997/05/28   4504   470  437  396   102    3    9    9
구자흥   07  1963/08/07  57  2010/04/05   1828   142  194  191   109    7    9    7
김대근   48  1957/08/19  63  1986/07/30   8123   783  837  846   115   24   14   11
김동균   52  1975/08/24  45  2012/07/01   2332   231  195  210   182   24   13   19
김동철   53  1974/11/28  46  2016/03/16   1143    64  105  103   138    4   12    9
김윤섭   32  1968/09/20  52  1998/07/02   4832   314  399  412    91    4    3    5
김점오   17  1959/05/20  61  1987/07/10   8566   783  791  742   120   15   10    7
리카디   34  1968/03/02  52  2017/11/26    370    41   48   42   114   14   14   14
박대흥   18  1958/08/07  62  1997/05/28   6713   969  773  650   203   32   21   13
박병일   27  1964/04/26  56  2011/07/15   1651   139  160  153   132    9   11   11
박윤규   04  1966/09/26  54  2004/07/01   3881   297  336  360   143   10   12   14
박재우   50  1970/01/02  51  2011/01/26   2769   384  298  273   230   29   20   25
박종곤   01  1962/08/26  58  1997/09/04   4379   434  401  415   164   20   21   13
박천서   54  1963/06/08  57  2003/03/05   4191   406  402  402   124    4   13   10
박희철   15  1961/06/26  59  2002/07/01   4952   372  428  434   112    1    4    3
배대선   20  1960/04/02  60  1995/06/26   7540   841  811  793   200    8   16   19
배휴준   29  1966/09/25  54  2005/07/01   4290   309  355  377   135    3    6    4
서범석   12  1964/07/26  56  1999/07/01   4670   426  427  429   124   17   16    9
서인석   33  1968/11/20  52  2010/12/09   4049   366  408  393   295   24   26   35
서정하   43  1958/12/22  62  2004/09/01   2741   161  215  211    69    2    2    3
서홍수   24  1964/01/04  57  2008/09/24   2034   171  180  182   139   18   17   10
손영표   02  1966/11/14  54  2006/07/27   2722   222  211  189    86    3    6    6
송문길   40  1971/03/22  49  2013/07/01   1883   280  227  200   193   30   25   21
신삼영   41  1963/11/06  57  2010/07/01   2021   195  179  183   146    4    9    7
심승태   37  1978/02/14  43  2012/05/04   2128   167  205  190   113    2    5    5
안병기   22  1966/01/20  55  2008/07/01   3547   376  334  338   210   16   16   18
안해양   26  1961/07/24  59  1999/08/26   4074   368  322  345   110    9    7   10
우창구   05  1963/04/28  57  2008/07/01   2946   289  255  249   119    7    9    9
유재길   23  1961/07/16  59  2000/04/07   5459   404  425  470   115    2    3    7
이관호   42  1966/08/21  54  2013/11/01   1882   212  175  200   220   21   15   27
이신영   14  1980/04/12  40  2011/07/01   2264   309  199  222   129   20   11   13
이희영   13  1960/08/16  60  1986/12/04   8213   653  714  732   106    8    7   11
임봉춘   21  1959/04/14  61  2002/08/22   4844   392  405  487   182   13   14   13
임채덕   35  1970/07/09  50  2020/07/01     60     0    0    2    60    0    0    2
전승규   25  1963/10/04  57  2017/04/26    555    96   76   58   136   19   13   13
정호익   10  1965/03/05  55  2006/03/04   4620   478  486  477   210   30   23   20
조현수   11  1970/04/25  50  2018/07/01    529    24   40   47   178   10   14   20
지용철   49  1959/06/27  61  1986/11/20  12010   905 1052 1087   220    6   20   15
최봉주   16  1962/11/19  58  2007/03/08   2590   199  202  209   141    8   11    8
최상식   28  1960/02/25  61  1993/07/13   6008   459  492  516   115    9   11    9
최영주   03  1966/09/03  54  1997/11/19   4755   353  373  349   117    9    5   11
최용건   51  1967/08/09  53  2020/07/01     62     5    8    6    62    5    8    6
최용구   08  1965/10/08  55  2012/07/01   1541   185  165  141   147   15   15   14
토니     30  1974/04/10  46  2019/09/01    155    15   19   19   107   13   14   15
홍대유   06  1963/01/15  58  2006/07/01   3523   300  297  313   205   13   22   19
