-------------------------------------------------------------------------------------
조교사명 조  생년월일   나이 데뷔일자    총출전  1위  2위  3위 1년출전 1위  2위  3위 
-------------------------------------------------------------------------------------
강병은   13  1966/03/03  54  2004/03/02   3829   337  358  334   143    5    7   10
강은석   22  1971/11/10  49  2018/05/17    470    45   33   54   161   13   12   17
강형곤   02  1966/02/07  55  2004/03/02   4958   398  452  485   249   25   30   19
구영준   06  1972/06/08  48  2014/09/01   1543    91  115  147   162   10    6   19
권승주   33  1964/01/09  57  2012/03/03   3489   334  364  345   188   21   16   18
김길중   24  1963/03/28  57  2004/05/01   3506   224  287  301   196   13   13   15
김남중   10  1958/04/28  62  2004/03/02   3853   285  336  346   132    7    5    8
김병학   07  1960/03/15  60  2004/03/02   3679   234  262  304   108    5    9   12
김영관   19  1960/06/13  60  2004/03/02   5698  1290  795  631   243   45   33   26
김영민   11  1980/03/08  40  2020/04/10    112    11   21    6   112   11   21    6
김재섭   16  1963/09/23  57  2004/03/02   4837   539  446  439   164   11   11    8
라이스   31  1976/09/15  44  2013/11/29   1646   217  173  174   200   22   24   23
문제복   29  1965/02/01  56  2007/10/01   2521   212  205  224    80    3    3    4
민장기   21  1966/09/09  54  2004/05/01   4656   487  499  449   200   30   26   24
방동석   26  1967/12/09  53  2007/10/01   2771   252  252  293   149   24   14   15
백광열   01  1964/11/24  56  2004/03/02   6461   795  714  732   260   24   23   31
손병직   23  1973/11/14  47  2019/08/07    172    13   10    8   105   10    5    5
안우성   15  1974/01/18  47  2014/06/01   1565   208  192  188   195   18   25   24
양귀선   09  1961/11/10  59  2004/03/02   4431   282  326  378   226   30   22   15
울즐리   30  1962/12/24  58  2007/12/20   3231   581  423  341   185   28   26   20
유병복   05  1961/01/01  60  2004/03/02   4365   503  464  426   131    7    7    6
윤영훈   14  1965/03/03  55  2004/03/02   4322   281  347  356   109    4    5    6
이상영   27  1966/02/14  55  2007/10/01   3156   288  286  291   177   14    9   11
이정표   18  1965/03/02  55  2004/03/02   4033   181  261  314   133    2    6    3
임금만   04  1964/03/10  56  2004/03/02   4375   483  507  459   212   13   26   25
임동창   32  1960/05/05  60  2010/07/14   1921    84  104  144   129    9    5   11
장세한   17  1963/06/12  57  2004/03/02   4537   307  342  407   165    6   11   12
조용배   12  1967/03/16  53  2004/03/02   4660   215  287  357   165    3    4    9
최기홍   20  1964/11/09  56  2004/03/02   4269   373  384  375   133    8    2    8
토마스   08  1982/03/05  38  2015/06/01   1500   214  214  162   244   24   36   28
하무선   28  1968/06/15  52  2007/10/01   2198   123  137  179     9    0    0    0
