-------------------------------------------------------------------------------------
조교사명 조  생년월일   나이 데뷔일자    총출전  1위  2위  3위 1년출전 1위  2위  3위 
-------------------------------------------------------------------------------------
강성오   09  1966/08/20  55  2018/07/01    438    53   50   35   197   22   23   15
강환민   31  1970/05/26  51  2017/07/01    753   102   89   84   208   23   23   22
곽영효   19  1961/09/24  59  1997/05/28   4585   477  442  399   130    7    9    7
구자흥   07  1963/08/07  58  2010/04/05   1909   149  197  193   139   11    6    5
김동균   52  1975/08/24  46  2012/07/01   2503   256  217  231   276   40   29   31
김동철   53  1974/11/28  46  2016/03/16   1289    74  114  114   221   13   17   15
김윤섭   32  1968/09/20  52  1998/07/02   4918   316  401  419   129    4    4    9
김점오   17  1959/05/20  62  1987/07/10   8636   788  796  747   128   14   10    9
리카디   34  1968/03/02  53  2017/11/26    468    53   61   56   152   17   16   20
박대흥   18  1958/08/07  63  1997/05/28   6891   988  785  664   291   36   22   20
박병일   27  1964/04/26  57  2011/07/15   1761   152  172  162   173   13   18   13
박윤규   04  1966/09/26  54  2004/07/01   3981   309  343  367   169   16   11   13
박재우   50  1970/01/02  51  2011/01/26   2987   415  327  294   343   41   43   35
박종곤   01  1962/08/26  59  1997/09/04   4511   460  418  435   216   38   24   28
박천서   54  1963/06/08  58  2003/03/05   4298   412  405  406   177    8   10    8
박희철   15  1961/06/26  60  2002/07/01   5027   375  433  442   121    3    5   10
배대선   20  1960/04/02  61  1995/06/26   7683   847  817  807   242    9   11   22
배휴준   29  1966/09/25  54  2005/07/01   4409   312  363  383   183    4   11    8
서범석   12  1964/07/26  57  1999/07/01   4806   431  441  438   198   12   22   16
서인석   33  1968/11/20  52  2010/12/09   4299   393  432  410   399   36   39   36
서정하   43  1958/12/22  62  2004/09/01   2802   162  218  215    95    2    4    5
서홍수   24  1964/01/04  57  2008/09/24   2182   183  194  198   219   18   25   22
손영표   02  1966/11/14  54  2006/07/27   2820   226  218  196   143    5    8   10
송문길   40  1971/03/22  50  2013/07/01   2089   308  250  216   314   44   32   26
신삼영   41  1963/11/06  57  2010/07/01   2116   199  190  188   169    4   13    8
심승태   37  1978/02/14  43  2012/05/04   2191   168  206  193   105    1    1    6
안병기   22  1966/01/20  55  2008/07/01   3756   390  349  354   311   20   25   21
안해양   26  1961/07/24  60  1999/08/26   4208   373  333  356   193   13   14   16
우창구   05  1963/04/28  58  2008/07/01   3064   306  266  261   180   18   13   15
유재길   23  1961/07/16  60  2000/04/07   5555   406  430  476   140    3    7    8
이관호   42  1966/08/21  55  2013/11/01   2096   235  195  214   339   32   28   28
이신영   14  1980/04/12  41  2011/07/01   2400   320  207  231   202   21   15   11
이준철   48  1980/02/23  41  2021/07/01     23     6    4    2    23    6    4    2
이희영   13  1960/08/16  61  1986/12/04   8300   656  721  738   133    7   11   13
임봉춘   21  1959/04/14  62  2002/08/22   5041   407  428  505   293   20   29   24
임채덕   35  1970/07/09  51  2020/07/01    124     1    4    4   103    1    4    2
전승규   25  1963/10/04  57  2017/04/26    664   113   86   67   183   27   17   14
정호익   10  1965/03/05  56  2006/03/04   4804   495  507  496   294   39   36   34
조현수   11  1970/04/25  51  2018/07/01    677    29   45   58   236    9    8   18
지용철   49  1959/06/27  62  1986/11/20  12215   915 1065 1102   305   11   22   20
최봉주   16  1962/11/19  58  2007/03/08   2758   204  209  223   246   11   12   18
최상식   28  1960/02/25  61  1993/07/13   6107   467  501  524   156   13   16   13
최영주   03  1966/09/03  55  1997/11/19   4832   355  377  355   134    4    6   10
최용건   51  1967/08/09  54  2020/07/01    187    16   14   20   176   15   12   20
최용구   08  1965/10/08  55  2012/07/01   1632   190  169  149   170   11   12   14
토니     30  1974/04/10  47  2019/09/01    246    22   29   32   146   14   15   20
홍대유   06  1963/01/15  58  2006/07/01   3721   317  316  330   305   22   29   23
