-------------------------------------------------------------------------------------
조교사명 조  생년월일   나이 데뷔일자    총출전  1위  2위  3위 1년출전 1위  2위  3위 
-------------------------------------------------------------------------------------
강병은   13  1966/03/03  55  2004/03/02   3859   337  359  336   159    5    6   12
강은석   22  1971/11/10  49  2018/05/17    517    47   34   56   198   13   12   19
강형곤   02  1966/02/07  55  2004/03/02   5025   403  460  489   292   27   35   22
구영준   06  1972/06/08  48  2014/09/01   1583    91  116  150   177    9    6   18
권승주   33  1964/01/09  57  2012/03/03   3545   342  369  347   225   29   20   20
김길중   24  1963/03/28  58  2004/05/01   3559   227  289  303   232   14   14   16
김남중   10  1958/04/28  62  2004/03/02   3889   286  337  351   153    8    5   10
김병학   07  1960/03/15  61  2004/03/02   3715   236  266  305   144    7   13   13
김영관   19  1960/06/13  60  2004/03/02   5756  1300  796  640   279   52   32   33
김영민   11  1980/03/08  41  2020/04/10    112    11   21    6   112   11   21    6
김재섭   16  1963/09/23  57  2004/03/02   4875   540  450  443   191    8   15   12
라이스   31  1976/09/15  44  2013/11/29   1696   221  177  179   232   24   26   26
문제복   29  1965/02/01  56  2007/10/01   2557   213  206  225   116    4    4    5
민장기   21  1966/09/09  54  2004/05/01   4710   497  507  454   237   37   33   27
방동석   26  1967/12/09  53  2007/10/01   2805   256  256  296   170   26   17   17
백광열   01  1964/11/24  56  2004/03/02   6539   805  718  741   318   32   25   39
손병직   23  1973/11/14  47  2019/08/07    172    13   10    8    91    9    5    3
안우성   15  1974/01/18  47  2014/06/01   1619   214  198  193   227   23   27   27
양귀선   09  1961/11/10  59  2004/03/02   4491   287  337  383   260   31   31   19
울즐리   30  1962/12/24  58  2007/12/20   3274   587  428  347   209   31   27   24
유병복   05  1961/01/01  60  2004/03/02   4398   504  464  431   153    8    7    8
윤영훈   14  1965/03/03  56  2004/03/02   4359   284  351  356   132    6    7    6
이상영   27  1966/02/14  55  2007/10/01   3198   288  287  291   201   11    8   10
이정표   18  1965/03/02  56  2004/03/02   4075   181  262  314   157    2    3    2
임금만   04  1964/03/10  57  2004/03/02   4422   487  513  464   242   17   30   27
임동창   32  1960/05/05  60  2010/07/14   1957    86  107  146   154   10    8   13
장세한   17  1963/06/12  57  2004/03/02   4580   307  343  410   188    4   12   15
조용배   12  1967/03/16  54  2004/03/02   4711   215  288  360   198    2    4   11
최기홍   20  1964/11/09  56  2004/03/02   4293   374  386  376   135    8    4    6
토마스   08  1982/03/05  39  2015/06/01   1552   221  219  166   278   31   38   29
하무선   28  1968/06/15  52  2007/10/01   2215   123  138  179    26    0    1    0
