-------------------------------------------------------------------------------------
조교사명 조  생년월일   나이 데뷔일자    총출전  1위  2위  3위 1년출전 1위  2위  3위 
-------------------------------------------------------------------------------------
강은석   22  1971/11/10  50  2018/05/17    700    58   55   70   291   17   25   25
강형곤   02  1966/02/07  55  2004/03/02   5269   421  485  506   382   32   38   29
구민성   10  1978/08/11  43  2021/07/01     50     4    2    2    50    4    2    2
구영준   06  1972/06/08  49  2014/09/01   1736    97  124  161   235    7   11   18
권승주   33  1964/01/09  57  2012/03/03   3767   367  381  373   333   38   24   35
김길중   24  1963/03/28  58  2004/05/01   3698   234  296  309   253   15   12   13
김병학   07  1960/03/15  61  2004/03/02   3825   244  277  314   188   13   17   13
김영관   19  1960/06/13  61  2004/03/02   5976  1344  818  665   349   59   30   42
김영민   11  1980/03/08  41  2020/04/10    112    11   21    6    37    5    7    1
김재섭   16  1963/09/23  58  2004/03/02   5038   553  469  459   251   15   25   26
라이스   31  1976/09/15  45  2013/11/29   1888   257  195  200   300   45   27   28
민장기   21  1966/09/09  55  2004/05/01   4881   514  523  471   294   37   33   28
박재호   13  1978/09/20  43  2021/09/29      5     0    1    1     5    0    1    1
방동석   26  1967/12/09  53  2007/10/01   2941   271  269  302   216   27   22   11
백광열   01  1964/11/24  57  2004/03/02   6805   842  746  772   414   52   37   47
손병직   23  1973/11/14  48  2019/08/07    172    13   10    8    28    4    0    1
안우성   15  1974/01/18  47  2014/06/01   1791   223  219  207   277   22   34   25
양귀선   09  1961/11/10  60  2004/03/02   4709   305  351  408   330   29   32   32
울즐리   30  1962/12/24  58  2007/12/20   3464   607  458  364   291   33   40   30
유병복   05  1961/01/01  60  2004/03/02   4480   508  468  435   156    7    6    9
윤영훈   14  1965/03/03  56  2004/03/02   4460   290  356  366   173   10   11   11
이상영   27  1966/02/14  55  2007/10/01   3297   292  293  302   183    8   10   12
이정표   18  1965/03/02  56  2004/03/02   4209   182  265  315   205    1    4    1
임금만   04  1964/03/10  57  2004/03/02   4593   500  530  476   282   21   32   23
임동창   32  1960/05/05  61  2010/07/14   2071    91  112  152   180    8   10   10
장세한   17  1963/06/12  58  2004/03/02   4710   310  349  420   217    4    9   15
조용배   12  1967/03/16  54  2004/03/02   4867   218  295  369   248    5    9   15
최기홍   20  1964/11/09  57  2004/03/02   4371   382  392  382   139   11    9   10
토마스   08  1982/03/05  39  2015/06/01   1783   247  246  194   355   35   41   38
하무선   28  1968/06/15  53  2007/10/01   2242   124  139  181    52    1    2    2
