-------------------------------------------------------------------------------------
조교사명 조  생년월일   나이 데뷔일자    총출전  1위  2위  3위 1년출전 1위  2위  3위 
-------------------------------------------------------------------------------------
강성오   09  1966/08/20  55  2018/07/01    478    56   54   42   207   21   26   21
강환민   31  1970/05/26  51  2017/07/01    798   107   94   85   216   24   26   19
곽영효   19  1961/09/24  60  1997/05/28   4618   478  450  402   139    8   14    9
구자흥   07  1963/08/07  58  2010/04/05   1940   150  199  195   141   10    6    6
김동균   52  1975/08/24  46  2012/07/01   2581   265  221  234   310   44   31   30
김동철   53  1974/11/28  47  2016/03/16   1339    77  117  116   233   15   15   14
김윤섭   32  1968/09/20  53  1998/07/02   4948   318  405  422   138    4    7   10
김점오   17  1959/05/20  62  1987/07/10   8656   790  796  751   114   11    7   11
리카디   34  1968/03/02  53  2017/11/26    515    56   67   61   171   15   20   22
박대흥   18  1958/08/07  63  1997/05/28   6962   998  792  667   312   39   27   22
박병일   27  1964/04/26  57  2011/07/15   1816   159  177  163   201   20   20   11
박윤규   04  1966/09/26  55  2004/07/01   4023   313  349  371   177   18   15   15
박재우   50  1970/01/02  51  2011/01/26   3074   424  339  302   380   45   50   39
박종곤   01  1962/08/26  59  1997/09/04   4573   471  424  440   238   42   29   31
박천서   54  1963/06/08  58  2003/03/05   4341   415  411  413   189   11   11   13
박희철   15  1961/06/26  60  2002/07/01   5057   380  433  443   129    8    5   10
배대선   20  1960/04/02  61  1995/06/26   7731   853  821  809   244   14   12   21
배휴준   29  1966/09/25  55  2005/07/01   4449   314  366  385   195    6   12    9
서범석   12  1964/07/26  57  1999/07/01   4855   433  444  444   217   12   21   19
서인석   33  1968/11/20  53  2010/12/09   4414   403  442  421   445   40   44   39
서정하   43  1958/12/22  62  2004/09/01   2816   162  218  218    91    1    3    7
서홍수   24  1964/01/04  57  2008/09/24   2243   196  203  206   251   28   28   27
손영표   02  1966/11/14  55  2006/07/27   2859   229  220  198   157    8   10    9
송문길   40  1971/03/22  50  2013/07/01   2159   314  261  222   340   44   36   26
신삼영   41  1963/11/06  58  2010/07/01   2161   200  193  195   175    5   16   13
심승태   37  1978/02/14  43  2012/05/04   2226   170  206  194   113    3    1    5
안병기   22  1966/01/20  55  2008/07/01   3847   397  353  364   353   24   23   29
안해양   26  1961/07/24  60  1999/08/26   4256   378  340  361   211   10   21   21
우창구   05  1963/04/28  58  2008/07/01   3121   315  269  266   204   27   15   19
유재길   23  1961/07/16  60  2000/04/07   5591   409  431  477   147    6    6    8
이관호   42  1966/08/21  55  2013/11/01   2187   244  201  225   377   33   29   32
이신영   14  1980/04/12  41  2011/07/01   2458   322  209  239   233   19   16   18
이준철   48  1980/02/23  41  2021/07/01     60    12   10    9    60   12   10    9
이희영   13  1960/08/16  61  1986/12/04   8340   658  727  742   151    8   14   14
임봉춘   21  1959/04/14  62  2002/08/22   5112   412  435  510   326   22   33   28
임채덕   35  1970/07/09  51  2020/07/01    161     4    6    7   120    4    6    5
전승규   25  1963/10/04  58  2017/04/26    714   115   91   73   198   25   19   19
정호익   10  1965/03/05  56  2006/03/04   4886   502  512  501   328   39   31   32
조현수   11  1970/04/25  51  2018/07/01    726    30   47   61   240    7   10   18
지용철   49  1959/06/27  62  1986/11/20  12301   918 1072 1109   342   14   26   23
최봉주   16  1962/11/19  59  2007/03/08   2814   207  213  225   264   12   11   18
최상식   28  1960/02/25  61  1993/07/13   6150   469  505  532   174   13   18   16
최영주   03  1966/09/03  55  1997/11/19   4855   355  377  358   129    2    4   11
최용건   51  1967/08/09  54  2020/07/01    239    21   15   22   207   16   10   18
최용구   08  1965/10/08  56  2012/07/01   1674   194  174  154   176   14   13   13
토니     30  1974/04/10  47  2019/09/01    286    25   33   34   162   14   15   18
홍대유   06  1963/01/15  58  2006/07/01   3795   324  325  335   323   28   33   25
