-------------------------------------------------------------------------------------
조교사명 조  생년월일   나이 데뷔일자    총출전  1위  2위  3위 1년출전 1위  2위  3위 
-------------------------------------------------------------------------------------
강성오   09  1966/08/20  54  2018/07/01    387    47   47   28   184   20   25   12
강환민   31  1970/05/26  51  2017/07/01    709    98   85   77   219   26   26   19
곽영효   19  1961/09/24  59  1997/05/28   4556   475  439  396   150    7   11    9
구자흥   07  1963/08/07  57  2010/04/05   1886   146  196  192   163   11   11    7
김동균   52  1975/08/24  45  2012/07/01   2433   245  211  224   271   36   29   31
김동철   53  1974/11/28  46  2016/03/16   1234    68  109  109   224    8   16   15
김윤섭   32  1968/09/20  52  1998/07/02   4887   315  401  416   143    4    5    9
김점오   17  1959/05/20  62  1987/07/10   8611   785  792  745   158   17   10    9
리카디   34  1968/03/02  53  2017/11/26    431    49   56   50   163   22   18   20
박대흥   18  1958/08/07  62  1997/05/28   6826   980  780  659   297   42   24   22
박병일   27  1964/04/26  57  2011/07/15   1727   147  168  159   196   15   16   17
박윤규   04  1966/09/26  54  2004/07/01   3947   304  341  363   199   17   15   15
박재우   50  1970/01/02  51  2011/01/26   2910   405  316  287   355   46   36   38
박종곤   01  1962/08/26  58  1997/09/04   4461   453  412  426   232   38   30   23
박천서   54  1963/06/08  58  2003/03/05   4262   409  403  405   189    7   13   12
박희철   15  1961/06/26  60  2002/07/01   4999   373  430  441   150    1    6   10
배대선   20  1960/04/02  61  1995/06/26   7634   845  813  801   281   12   17   26
배휴준   29  1966/09/25  54  2005/07/01   4376   311  362  381   211    5   13    8
서범석   12  1964/07/26  56  1999/07/01   4763   429  436  435   210   19   25   15
서인석   33  1968/11/20  52  2010/12/09   4203   378  423  402   426   32   41   41
서정하   43  1958/12/22  62  2004/09/01   2781   162  217  213   109    3    4    5
서홍수   24  1964/01/04  57  2008/09/24   2121   178  186  189   214   24   23   17
손영표   02  1966/11/14  54  2006/07/27   2781   225  213  196   142    6    7   13
송문길   40  1971/03/22  50  2013/07/01   2021   301  242  210   321   48   39   29
신삼영   41  1963/11/06  57  2010/07/01   2084   198  186  186   200    7   16    9
심승태   37  1978/02/14  43  2012/05/04   2174   167  205  193   151    2    3    8
안병기   22  1966/01/20  55  2008/07/01   3669   383  344  345   318   23   26   23
안해양   26  1961/07/24  59  1999/08/26   4155   371  326  349   188   12   10   14
우창구   05  1963/04/28  58  2008/07/01   3023   300  261  259   187   18   14   18
유재길   23  1961/07/16  59  2000/04/07   5524   406  430  474   168    4    7   11
이관호   42  1966/08/21  54  2013/11/01   2018   227  182  208   340   34   22   33
이신영   14  1980/04/12  41  2011/07/01   2350   316  203  229   207   27   15   16
이준철   48  1980/02/23  41  2021/07/01      0     0    0    0     0    0    0    0
이희영   13  1960/08/16  60  1986/12/04   8271   654  719  736   156    9   10   15
임봉춘   21  1959/04/14  62  2002/08/22   4972   403  419  498   292   23   27   23
임채덕   35  1970/07/09  50  2020/07/01     96     0    2    3    96    0    2    3
전승규   25  1963/10/04  57  2017/04/26    622   107   83   64   193   29   20   18
정호익   10  1965/03/05  56  2006/03/04   4744   488  501  492   314   38   36   34
조현수   11  1970/04/25  51  2018/07/01    628    28   44   52   266   14   18   24
지용철   49  1959/06/27  62  1986/11/20  12144   911 1060 1097   338   11   27   24
최봉주   16  1962/11/19  58  2007/03/08   2709   202  206  220   253   11   15   18
최상식   28  1960/02/25  61  1993/07/13   6076   465  499  523   173   14   18   15
최영주   03  1966/09/03  54  1997/11/19   4814   354  377  353   168   10    9   15
최용건   51  1967/08/09  53  2020/07/01    132    11   11   12   132   11   11   12
최용구   08  1965/10/08  55  2012/07/01   1600   189  167  147   198   18   15   20
토니     30  1974/04/10  47  2019/09/01    211    17   26   28   155   14   19   23
홍대유   06  1963/01/15  58  2006/07/01   3652   308  308  321   321   20   32   25
