-------------------------------------------------------------------------------------
조교사명 조  생년월일   나이 데뷔일자    총출전  1위  2위  3위 1년출전 1위  2위  3위 
-------------------------------------------------------------------------------------
강성오   09  1966/08/20  55  2018/07/01    424    50   50   33   191   19   26   13
강환민   31  1970/05/26  51  2017/07/01    738   101   89   82   208   22   26   20
곽영효   19  1961/09/24  59  1997/05/28   4577   476  442  399   131    7   11    8
구자흥   07  1963/08/07  58  2010/04/05   1900   148  196  193   137   10    5    7
김동균   52  1975/08/24  46  2012/07/01   2483   252  213  230   266   37   27   30
김동철   53  1974/11/28  46  2016/03/16   1272    71  112  114   217   11   16   16
김윤섭   32  1968/09/20  52  1998/07/02   4910   316  401  417   129    4    5    7
김점오   17  1959/05/20  62  1987/07/10   8632   788  795  746   132   15    9    8
리카디   34  1968/03/02  53  2017/11/26    458    52   60   52   155   17   16   19
박대흥   18  1958/08/07  63  1997/05/28   6869   986  781  662   283   35   18   20
박병일   27  1964/04/26  57  2011/07/15   1748   150  171  162   172   12   17   13
박윤규   04  1966/09/26  54  2004/07/01   3970   308  342  363   177   19   11    9
박재우   50  1970/01/02  51  2011/01/26   2967   411  324  293   344   38   40   38
박종곤   01  1962/08/26  59  1997/09/04   4496   458  417  431   216   38   27   25
박천서   54  1963/06/08  58  2003/03/05   4287   412  404  406   175    9    9   10
박희철   15  1961/06/26  60  2002/07/01   5019   374  432  442   120    2    4   10
배대선   20  1960/04/02  61  1995/06/26   7674   847  817  806   246   10   11   22
배휴준   29  1966/09/25  54  2005/07/01   4400   312  363  383   188    4   12    9
서범석   12  1964/07/26  57  1999/07/01   4793   431  440  438   195   13   22   16
서인석   33  1968/11/20  52  2010/12/09   4272   391  431  406   395   40   40   35
서정하   43  1958/12/22  62  2004/09/01   2795   162  218  215    91    2    4    5
서홍수   24  1964/01/04  57  2008/09/24   2163   181  192  195   208   17   25   20
손영표   02  1966/11/14  54  2006/07/27   2809   226  216  196   135    5    6   10
송문길   40  1971/03/22  50  2013/07/01   2067   305  248  216   309   44   32   27
신삼영   41  1963/11/06  57  2010/07/01   2107   198  189  187   173    3   12    8
심승태   37  1978/02/14  43  2012/05/04   2185   168  206  193   113    2    1    6
안병기   22  1966/01/20  55  2008/07/01   3729   388  348  351   304   20   25   21
안해양   26  1961/07/24  60  1999/08/26   4189   372  329  353   184   12   12   15
우창구   05  1963/04/28  58  2008/07/01   3057   304  266  261   183   16   13   17
유재길   23  1961/07/16  60  2000/04/07   5546   406  430  475   145    3    7    7
이관호   42  1966/08/21  55  2013/11/01   2076   235  191  212   335   33   25   29
이신영   14  1980/04/12  41  2011/07/01   2386   318  206  231   199   22   14   12
이준철   48  1980/02/23  41  2021/07/01     17     4    3    2    17    4    3    2
이희영   13  1960/08/16  61  1986/12/04   8289   655  721  738   133    8   11   13
임봉춘   21  1959/04/14  62  2002/08/22   5023   407  425  503   292   22   28   23
임채덕   35  1970/07/09  51  2020/07/01    116     1    3    3   103    1    3    1
전승규   25  1963/10/04  57  2017/04/26    648   111   84   66   177   26   17   15
정호익   10  1965/03/05  56  2006/03/04   4786   495  504  494   295   40   33   34
조현수   11  1970/04/25  51  2018/07/01    663    28   45   56   237    9   10   18
지용철   49  1959/06/27  62  1986/11/20  12194   914 1064 1100   311   10   25   20
최봉주   16  1962/11/19  58  2007/03/08   2745   203  208  223   246   11   14   20
최상식   28  1960/02/25  61  1993/07/13   6102   466  501  523   161   12   16   14
최영주   03  1966/09/03  54  1997/11/19   4827   354  377  355   140    5    7   11
최용건   51  1967/08/09  54  2020/07/01    171    14   14   19   166   13   14   19
최용구   08  1965/10/08  55  2012/07/01   1624   190  169  148   172   14   13   13
토니     30  1974/04/10  47  2019/09/01    236    22   27   32   146   15   17   20
홍대유   06  1963/01/15  58  2006/07/01   3699   314  314  328   302   19   28   24
