-------------------------------------------------------------------------------------
조교사명 조  생년월일   나이 데뷔일자    총출전  1위  2위  3위 1년출전 1위  2위  3위 
-------------------------------------------------------------------------------------
강은석   22  1971/11/10  49  2018/05/17    646    57   45   65   260   17   18   21
강형곤   02  1966/02/07  55  2004/03/02   5201   416  480  502   365   32   43   27
구민성   10  1978/08/11  43  2021/07/01     14     0    0    1    14    0    0    1
구영준   06  1972/06/08  49  2014/09/01   1692    95  120  159   215    8    8   19
권승주   33  1964/01/09  57  2012/03/03   3702   363  380  361   299   38   25   25
김길중   24  1963/03/28  58  2004/05/01   3649   233  296  308   240   14   14   17
김병학   07  1960/03/15  61  2004/03/02   3792   240  272  312   179   10   14   14
김영관   19  1960/06/13  61  2004/03/02   5901  1328  810  658   307   48   26   39
김영민   11  1980/03/08  41  2020/04/10    112    11   21    6    59    6   11    1
김재섭   16  1963/09/23  57  2004/03/02   4974   547  462  451   220   12   18   19
라이스   31  1976/09/15  45  2013/11/29   1833   254  190  193   273   44   26   26
문제복   29  1965/02/01  56  2007/10/01   2633   213  208  231   168    3    4   10
민장기   21  1966/09/09  55  2004/05/01   4830   507  521  467   275   38   36   28
방동석   26  1967/12/09  53  2007/10/01   2895   265  263  299   199   27   18   11
백광열   01  1964/11/24  56  2004/03/02   6724   830  739  763   381   47   32   42
손병직   23  1973/11/14  47  2019/08/07    172    13   10    8    49    5    2    1
안우성   15  1974/01/18  47  2014/06/01   1745   219  213  206   260   19   34   28
양귀선   09  1961/11/10  59  2004/03/02   4642   299  350  398   306   33   38   26
울즐리   30  1962/12/24  58  2007/12/20   3396   599  449  361   248   27   34   30
유병복   05  1961/01/01  60  2004/03/02   4480   508  468  435   180    9    6    9
윤영훈   14  1965/03/03  56  2004/03/02   4428   288  355  362   160    9   10    8
이상영   27  1966/02/14  55  2007/10/01   3264   290  289  297   182    7    7   10
이정표   18  1965/03/02  56  2004/03/02   4174   182  263  315   199    2    2    2
임금만   04  1964/03/10  57  2004/03/02   4544   497  526  474   278   21   35   27
임동창   32  1960/05/05  61  2010/07/14   2035    88  108  151   168    5    6   10
장세한   17  1963/06/12  58  2004/03/02   4672   309  347  417   212    3    8   15
조용배   12  1967/03/16  54  2004/03/02   4821   218  292  367   235    5    7   13
최기홍   20  1964/11/09  56  2004/03/02   4348   380  390  381   138   10    7    9
토마스   08  1982/03/05  39  2015/06/01   1709   236  236  182   325   28   36   31
하무선   28  1968/06/15  53  2007/10/01   2234   123  139  180    45    0    2    1
