-------------------------------------------------------------------------------------
조교사명 조  생년월일   나이 데뷔일자    총출전  1위  2위  3위 1년출전 1위  2위  3위 
-------------------------------------------------------------------------------------
강병은   13  1966/03/03  55  2004/03/02   3852   337  358  334   152    5    5   10
강은석   22  1971/11/10  49  2018/05/17    514    47   34   56   195   13   12   19
강형곤   02  1966/02/07  55  2004/03/02   5019   403  460  489   286   27   35   22
구영준   06  1972/06/08  48  2014/09/01   1578    91  116  150   172    9    6   18
권승주   33  1964/01/09  57  2012/03/03   3538   342  368  346   218   29   19   19
김길중   24  1963/03/28  58  2004/05/01   3552   226  289  303   225   13   14   16
김남중   10  1958/04/28  62  2004/03/02   3883   286  337  351   147    8    5   10
김병학   07  1960/03/15  61  2004/03/02   3708   234  266  305   137    5   13   13
김영관   19  1960/06/13  60  2004/03/02   5750  1299  796  638   273   51   32   31
김영민   11  1980/03/08  41  2020/04/10    112    11   21    6   112   11   21    6
김재섭   16  1963/09/23  57  2004/03/02   4870   540  450  443   186    8   15   12
라이스   31  1976/09/15  44  2013/11/29   1691   220  177  179   227   23   26   26
문제복   29  1965/02/01  56  2007/10/01   2553   213  206  225   112    4    4    5
민장기   21  1966/09/09  54  2004/05/01   4705   496  506  453   232   36   32   26
방동석   26  1967/12/09  53  2007/10/01   2800   256  256  296   165   26   17   17
백광열   01  1964/11/24  56  2004/03/02   6529   805  718  738   308   32   25   36
손병직   23  1973/11/14  47  2019/08/07    172    13   10    8    91    9    5    3
안우성   15  1974/01/18  47  2014/06/01   1608   213  196  193   216   22   25   27
양귀선   09  1961/11/10  59  2004/03/02   4487   287  336  383   256   31   30   19
울즐리   30  1962/12/24  58  2007/12/20   3265   586  425  347   200   30   24   24
유병복   05  1961/01/01  60  2004/03/02   4392   504  464  431   147    8    7    8
윤영훈   14  1965/03/03  56  2004/03/02   4352   283  350  356   125    5    6    6
이상영   27  1966/02/14  55  2007/10/01   3196   288  287  291   199   11    8   10
이정표   18  1965/03/02  56  2004/03/02   4073   181  262  314   155    2    3    2
임금만   04  1964/03/10  57  2004/03/02   4416   487  513  463   236   17   30   26
임동창   32  1960/05/05  60  2010/07/14   1953    86  106  146   150   10    7   13
장세한   17  1963/06/12  57  2004/03/02   4576   307  343  409   184    4   12   14
조용배   12  1967/03/16  54  2004/03/02   4707   215  288  360   194    2    4   11
최기홍   20  1964/11/09  56  2004/03/02   4291   374  386  376   133    8    4    6
토마스   08  1982/03/05  39  2015/06/01   1544   218  219  165   270   28   38   28
하무선   28  1968/06/15  52  2007/10/01   2212   123  137  179    23    0    0    0
