-------------------------------------------------------------------------------------
조교사명 조  생년월일   나이 데뷔일자    총출전  1위  2위  3위 1년출전 1위  2위  3위 
-------------------------------------------------------------------------------------
강병은   13  1966/03/03  55  2004/03/02   3843   337  358  334   143    5    5   10
강은석   22  1971/11/10  49  2018/05/17    490    46   34   55   171   12   12   18
강형곤   02  1966/02/07  55  2004/03/02   4987   401  456  488   254   25   31   21
구영준   06  1972/06/08  48  2014/09/01   1559    91  116  147   153    9    6   15
권승주   33  1964/01/09  57  2012/03/03   3510   338  365  345   190   25   16   18
김길중   24  1963/03/28  57  2004/05/01   3529   224  289  301   202   11   14   14
김남중   10  1958/04/28  62  2004/03/02   3865   286  336  347   129    8    4    6
김병학   07  1960/03/15  60  2004/03/02   3693   234  265  304   122    5   12   12
김영관   19  1960/06/13  60  2004/03/02   5727  1297  795  634   250   49   31   27
김영민   11  1980/03/08  41  2020/04/10    112    11   21    6   112   11   21    6
김재섭   16  1963/09/23  57  2004/03/02   4855   539  449  439   171    7   14    8
라이스   31  1976/09/15  44  2013/11/29   1666   219  173  177   202   22   22   24
문제복   29  1965/02/01  56  2007/10/01   2539   212  206  224    98    3    4    4
민장기   21  1966/09/09  54  2004/05/01   4673   488  502  451   200   28   28   24
방동석   26  1967/12/09  53  2007/10/01   2784   254  255  295   149   24   16   16
백광열   01  1964/11/24  56  2004/03/02   6491   799  717  735   270   26   24   33
손병직   23  1973/11/14  47  2019/08/07    172    13   10    8    91    9    5    3
안우성   15  1974/01/18  47  2014/06/01   1583   211  194  191   191   20   23   25
양귀선   09  1961/11/10  59  2004/03/02   4457   285  330  382   226   29   24   18
울즐리   30  1962/12/24  58  2007/12/20   3247   584  423  345   182   28   22   22
유병복   05  1961/01/01  60  2004/03/02   4378   503  464  428   133    7    7    5
윤영훈   14  1965/03/03  56  2004/03/02   4335   282  349  356   108    4    5    6
이상영   27  1966/02/14  55  2007/10/01   3177   288  286  291   180   11    7   10
이정표   18  1965/03/02  56  2004/03/02   4051   181  262  314   133    2    3    2
임금만   04  1964/03/10  57  2004/03/02   4397   485  508  462   217   15   25   25
임동창   32  1960/05/05  60  2010/07/14   1938    85  105  145   135    9    6   12
장세한   17  1963/06/12  57  2004/03/02   4554   307  343  408   162    4   12   13
조용배   12  1967/03/16  53  2004/03/02   4686   215  287  359   173    2    3   10
최기홍   20  1964/11/09  56  2004/03/02   4281   373  385  375   123    7    3    5
토마스   08  1982/03/05  39  2015/06/01   1523   216  216  164   249   26   35   27
하무선   28  1968/06/15  52  2007/10/01   2205   123  137  179    16    0    0    0
