-------------------------------------------------------------------------------------
조교사명 조  생년월일   나이 데뷔일자    총출전  1위  2위  3위 1년출전 1위  2위  3위 
-------------------------------------------------------------------------------------
강성오   09  1966/08/20  54  2018/07/01    335    41   38   25   139   14   17   10
강환민   31  1970/05/26  50  2017/07/01    653    92   77   74   175   20   18   17
곽영효   19  1961/09/24  59  1997/05/28   4521   472  438  396   118    5   10    9
구자흥   07  1963/08/07  57  2010/04/05   1848   142  194  192   128    7    9    8
김대근   48  1957/08/19  63  1986/07/30   8146   785  841  849   138   26   18   14
김동균   52  1975/08/24  45  2012/07/01   2367   236  203  213   215   28   21   22
김동철   53  1974/11/28  46  2016/03/16   1169    65  106  103   163    5   13    9
김윤섭   32  1968/09/20  52  1998/07/02   4848   314  400  414   107    4    4    7
김점오   17  1959/05/20  61  1987/07/10   8581   783  791  742   133   15   10    7
리카디   34  1968/03/02  53  2017/11/26    390    43   50   46   130   16   14   18
박대흥   18  1958/08/07  62  1997/05/28   6749   972  775  650   236   35   22   13
박병일   27  1964/04/26  56  2011/07/15   1673   141  161  156   148   10   10   14
박윤규   04  1966/09/26  54  2004/07/01   3904   300  338  361   165   13   14   14
박재우   50  1970/01/02  51  2011/01/26   2815   395  304  276   271   39   26   28
박종곤   01  1962/08/26  58  1997/09/04   4406   440  404  420   187   26   23   17
박천서   54  1963/06/08  57  2003/03/05   4220   407  402  402   148    5   12    9
박희철   15  1961/06/26  59  2002/07/01   4967   372  428  434   121    0    4    3
배대선   20  1960/04/02  61  1995/06/26   7573   841  811  794   233    8   16   20
배휴준   29  1966/09/25  54  2005/07/01   4317   310  356  377   157    4    7    4
서범석   12  1964/07/26  56  1999/07/01   4697   426  429  431   150   17   18   11
서인석   33  1968/11/20  52  2010/12/09   4103   370  414  395   344   26   32   37
서정하   43  1958/12/22  62  2004/09/01   2753   162  216  212    81    3    3    4
서홍수   24  1964/01/04  57  2008/09/24   2060   174  181  186   163   21   18   14
손영표   02  1966/11/14  54  2006/07/27   2742   223  211  192   105    4    6    9
송문길   40  1971/03/22  50  2013/07/01   1932   290  232  205   240   40   30   26
신삼영   41  1963/11/06  57  2010/07/01   2042   195  179  185   163    4    9    8
심승태   37  1978/02/14  43  2012/05/04   2142   167  205  191   124    2    5    6
안병기   22  1966/01/20  55  2008/07/01   3588   380  336  341   247   20   18   20
안해양   26  1961/07/24  59  1999/08/26   4103   369  323  347   137   10    8   12
우창구   05  1963/04/28  57  2008/07/01   2970   291  256  252   137    9    9   11
유재길   23  1961/07/16  59  2000/04/07   5478   404  426  472   130    2    3    9
이관호   42  1966/08/21  54  2013/11/01   1924   215  180  200   260   24   20   26
이신영   14  1980/04/12  40  2011/07/01   2292   313  200  223   154   24   12   12
이희영   13  1960/08/16  60  1986/12/04   8235   654  716  734   125    9    8   13
임봉춘   21  1959/04/14  61  2002/08/22   4883   393  411  489   219   14   20   14
임채덕   35  1970/07/09  50  2020/07/01     71     0    0    2    71    0    0    2
전승규   25  1963/10/04  57  2017/04/26    581    99   79   60   160   22   16   15
정호익   10  1965/03/05  56  2006/03/04   4662   481  494  480   246   32   31   23
조현수   11  1970/04/25  50  2018/07/01    559    24   40   50   208   10   14   23
지용철   49  1959/06/27  61  1986/11/20  12046   906 1054 1091   253    7   22   19
최봉주   16  1962/11/19  58  2007/03/08   2619   199  203  215   168    8   12   14
최상식   28  1960/02/25  61  1993/07/13   6030   462  494  519   134   11   13   12
최영주   03  1966/09/03  54  1997/11/19   4778   353  373  350   137    9    5   12
최용건   51  1967/08/09  53  2020/07/01     77     8    9    7    77    8    9    7
최용구   08  1965/10/08  55  2012/07/01   1560   185  165  143   162   15   14   16
토니     30  1974/04/10  46  2019/09/01    168    15   19   19   118   12   14   15
홍대유   06  1963/01/15  58  2006/07/01   3571   301  302  314   249   14   26   20
