-------------------------------------------------------------------------------------
조교사명 조  생년월일   나이 데뷔일자    총출전  1위  2위  3위 1년출전 1위  2위  3위 
-------------------------------------------------------------------------------------
강성오   09  1966/08/20  55  2018/07/01    449    54   51   37   208   23   24   17
강환민   31  1970/05/26  51  2017/07/01    763   104   89   84   218   25   23   22
곽영효   19  1961/09/24  60  1997/05/28   4592   478  443  399   137    8   10    7
구자흥   07  1963/08/07  58  2010/04/05   1916   150  197  194   146   12    6    6
김동균   52  1975/08/24  46  2012/07/01   2521   260  218  231   294   44   30   31
김동철   53  1974/11/28  46  2016/03/16   1306    74  116  114   238   13   19   15
김윤섭   32  1968/09/20  53  1998/07/02   4925   317  403  420   136    5    6   10
김점오   17  1959/05/20  62  1987/07/10   8641   789  796  747   133   15   10    9
리카디   34  1968/03/02  53  2017/11/26    481    53   65   57   165   17   20   21
박대흥   18  1958/08/07  63  1997/05/28   6912   990  787  665   312   38   24   21
박병일   27  1964/04/26  57  2011/07/15   1777   154  173  162   189   15   19   13
박윤규   04  1966/09/26  55  2004/07/01   3993   309  344  368   181   16   12   14
박재우   50  1970/01/02  51  2011/01/26   3009   419  329  297   365   45   45   38
박종곤   01  1962/08/26  59  1997/09/04   4532   461  421  437   237   39   27   30
박천서   54  1963/06/08  58  2003/03/05   4308   412  405  409   187    8   10   11
박희철   15  1961/06/26  60  2002/07/01   5035   376  433  442   129    4    5   10
배대선   20  1960/04/02  61  1995/06/26   7701   850  818  807   260   12   12   22
배휴준   29  1966/09/25  55  2005/07/01   4421   312  365  384   195    4   13    9
서범석   12  1964/07/26  57  1999/07/01   4817   432  441  440   209   13   22   18
서인석   33  1968/11/20  52  2010/12/09   4330   395  433  413   430   38   40   39
서정하   43  1958/12/22  62  2004/09/01   2804   162  218  215    97    2    4    5
서홍수   24  1964/01/04  57  2008/09/24   2199   184  198  199   236   19   29   23
손영표   02  1966/11/14  54  2006/07/27   2826   228  219  196   149    7    9   10
송문길   40  1971/03/22  50  2013/07/01   2111   309  252  218   336   45   34   28
신삼영   41  1963/11/06  57  2010/07/01   2127   199  192  190   180    4   15   10
심승태   37  1978/02/14  43  2012/05/04   2197   169  206  193   111    2    1    6
안병기   22  1966/01/20  55  2008/07/01   3777   392  350  357   332   22   26   24
안해양   26  1961/07/24  60  1999/08/26   4216   374  333  356   201   14   14   16
우창구   05  1963/04/28  58  2008/07/01   3080   310  267  262   196   22   14   16
유재길   23  1961/07/16  60  2000/04/07   5567   406  431  476   152    3    8    8
이관호   42  1966/08/21  55  2013/11/01   2124   235  196  217   367   32   29   31
이신영   14  1980/04/12  41  2011/07/01   2410   320  208  234   212   21   16   14
이준철   48  1980/02/23  41  2021/07/01     33     8    7    4    33    8    7    4
이희영   13  1960/08/16  61  1986/12/04   8309   656  722  738   142    7   12   13
임봉춘   21  1959/04/14  62  2002/08/22   5060   409  430  507   312   22   31   26
임채덕   35  1970/07/09  51  2020/07/01    133     2    4    5   112    2    4    3
전승규   25  1963/10/04  58  2017/04/26    673   113   86   67   192   27   17   14
정호익   10  1965/03/05  56  2006/03/04   4824   496  509  497   314   40   38   35
조현수   11  1970/04/25  51  2018/07/01    688    29   45   59   247    9    8   19
지용철   49  1959/06/27  62  1986/11/20  12244   916 1068 1104   334   12   25   22
최봉주   16  1962/11/19  58  2007/03/08   2777   205  210  224   265   12   13   19
최상식   28  1960/02/25  61  1993/07/13   6120   467  502  527   169   13   17   16
최영주   03  1966/09/03  55  1997/11/19   4836   355  377  357   138    4    6   12
최용건   51  1967/08/09  54  2020/07/01    198    17   14   21   187   16   12   21
최용구   08  1965/10/08  56  2012/07/01   1648   193  171  151   186   14   14   16
토니     30  1974/04/10  47  2019/09/01    256    24   30   33   156   16   16   21
홍대유   06  1963/01/15  58  2006/07/01   3743   319  318  331   327   24   31   24
