-------------------------------------------------------------------------------------
조교사명 조  생년월일   나이 데뷔일자    총출전  1위  2위  3위 1년출전 1위  2위  3위 
-------------------------------------------------------------------------------------
강병은   13  1966/03/03  55  2004/03/02   3873   337  364  336   173    5   11   12
강은석   22  1971/11/10  49  2018/05/17    545    48   39   56   226   14   17   19
강형곤   02  1966/02/07  55  2004/03/02   5057   407  462  492   324   31   37   25
구영준   06  1972/06/08  48  2014/09/01   1600    93  117  150   194   11    7   18
권승주   33  1964/01/09  57  2012/03/03   3572   344  370  348   252   31   21   21
김길중   24  1963/03/28  58  2004/05/01   3582   227  289  305   255   14   14   18
김남중   10  1958/04/28  63  2004/03/02   3904   287  338  352   168    9    6   11
김병학   07  1960/03/15  61  2004/03/02   3729   237  267  306   158    8   14   14
김영관   19  1960/06/13  60  2004/03/02   5779  1305  799  642   302   57   35   35
김영민   11  1980/03/08  41  2020/04/10    112    11   21    6   112   11   21    6
김재섭   16  1963/09/23  57  2004/03/02   4890   541  451  444   206    9   16   13
라이스   31  1976/09/15  44  2013/11/29   1722   225  180  183   258   28   29   30
문제복   29  1965/02/01  56  2007/10/01   2572   213  206  226   131    4    4    6
민장기   21  1966/09/09  54  2004/05/01   4732   498  510  456   259   38   36   29
방동석   26  1967/12/09  53  2007/10/01   2824   258  256  296   189   28   17   17
백광열   01  1964/11/24  56  2004/03/02   6577   814  723  745   356   41   30   43
손병직   23  1973/11/14  47  2019/08/07    172    13   10    8    91    9    5    3
안우성   15  1974/01/18  47  2014/06/01   1647   217  200  197   255   26   29   31
양귀선   09  1961/11/10  59  2004/03/02   4523   291  339  388   292   35   33   24
울즐리   30  1962/12/24  58  2007/12/20   3298   589  432  349   233   33   31   26
유병복   05  1961/01/01  60  2004/03/02   4416   504  465  432   171    8    8    9
윤영훈   14  1965/03/03  56  2004/03/02   4372   284  351  357   145    6    7    7
이상영   27  1966/02/14  55  2007/10/01   3218   288  288  295   221   11    9   14
이정표   18  1965/03/02  56  2004/03/02   4098   181  262  314   180    2    3    2
임금만   04  1964/03/10  57  2004/03/02   4442   489  514  467   262   19   31   30
임동창   32  1960/05/05  61  2010/07/14   1974    87  107  146   171   11    8   13
장세한   17  1963/06/12  57  2004/03/02   4599   307  343  411   207    4   12   16
조용배   12  1967/03/16  54  2004/03/02   4734   215  290  361   221    2    6   12
최기홍   20  1964/11/09  56  2004/03/02   4302   375  388  377   144    9    6    7
토마스   08  1982/03/05  39  2015/06/01   1582   223  221  169   308   33   40   32
하무선   28  1968/06/15  52  2007/10/01   2219   123  138  179    30    0    1    0
