-------------------------------------------------------------------------------------
조교사명 조  생년월일   나이 데뷔일자    총출전  1위  2위  3위 1년출전 1위  2위  3위 
-------------------------------------------------------------------------------------
강은석   22  1971/11/10  49  2018/05/17    660    57   46   66   274   17   19   22
강형곤   02  1966/02/07  55  2004/03/02   5210   417  480  502   374   33   43   27
구민성   10  1978/08/11  43  2021/07/01     23     1    0    1    23    1    0    1
구영준   06  1972/06/08  49  2014/09/01   1701    95  120  160   224    8    8   20
권승주   33  1964/01/09  57  2012/03/03   3716   363  380  362   313   38   25   26
김길중   24  1963/03/28  58  2004/05/01   3658   233  296  308   249   14   14   17
김병학   07  1960/03/15  61  2004/03/02   3802   242  273  313   189   12   15   15
김영관   19  1960/06/13  61  2004/03/02   5926  1331  813  660   332   51   29   41
김영민   11  1980/03/08  41  2020/04/10    112    11   21    6    59    6   11    1
김재섭   16  1963/09/23  58  2004/03/02   4986   547  465  453   232   12   21   21
라이스   31  1976/09/15  45  2013/11/29   1848   255  192  195   288   45   28   28
문제복   29  1965/02/01  56  2007/10/01   2633   213  208  231   168    3    4   10
민장기   21  1966/09/09  55  2004/05/01   4843   510  522  467   288   41   37   28
박재호   13  1978/09/20  43  2021/09/29      0     0    0    0     0    0    0    0
방동석   26  1967/12/09  53  2007/10/01   2907   266  264  302   211   28   19   14
백광열   01  1964/11/24  56  2004/03/02   6742   831  743  767   399   48   36   46
손병직   23  1973/11/14  47  2019/08/07    172    13   10    8    49    5    2    1
안우성   15  1974/01/18  47  2014/06/01   1756   219  214  206   271   19   35   28
양귀선   09  1961/11/10  59  2004/03/02   4656   300  351  400   320   34   39   28
울즐리   30  1962/12/24  58  2007/12/20   3411   601  452  362   263   29   37   31
유병복   05  1961/01/01  60  2004/03/02   4480   508  468  435   180    9    6    9
윤영훈   14  1965/03/03  56  2004/03/02   4434   289  355  363   166   10   10    9
이상영   27  1966/02/14  55  2007/10/01   3271   290  290  299   189    7    8   12
이정표   18  1965/03/02  56  2004/03/02   4181   182  264  315   206    2    3    2
임금만   04  1964/03/10  57  2004/03/02   4554   498  527  474   288   22   36   27
임동창   32  1960/05/05  61  2010/07/14   2047    88  108  151   180    5    6   10
장세한   17  1963/06/12  58  2004/03/02   4679   309  347  418   219    3    8   16
조용배   12  1967/03/16  54  2004/03/02   4829   218  292  367   243    5    7   13
최기홍   20  1964/11/09  56  2004/03/02   4351   381  390  381   141   11    7    9
토마스   08  1982/03/05  39  2015/06/01   1728   242  237  183   344   34   37   32
하무선   28  1968/06/15  53  2007/10/01   2235   123  139  180    46    0    2    1
