-------------------------------------------------------------------------------------
조교사명 조  생년월일   나이 데뷔일자    총출전  1위  2위  3위 1년출전 1위  2위  3위 
-------------------------------------------------------------------------------------
강성오   09  1966/08/20  54  2018/07/01    381    47   46   28   185   20   25   13
강환민   31  1970/05/26  51  2017/07/01    704    97   85   77   226   25   26   20
곽영효   19  1961/09/24  59  1997/05/28   4551   474  439  396   148    7   11    9
구자흥   07  1963/08/07  57  2010/04/05   1882   146  196  192   162   11   11    8
김대근   48  1957/08/19  63  1986/07/30   8178   793  843  852   170   34   20   17
김동균   52  1975/08/24  45  2012/07/01   2428   244  211  222   276   36   29   31
김동철   53  1974/11/28  46  2016/03/16   1226    68  109  109   220    8   16   15
김윤섭   32  1968/09/20  52  1998/07/02   4884   315  401  416   143    5    5    9
김점오   17  1959/05/20  62  1987/07/10   8607   784  792  745   159   16   11   10
리카디   34  1968/03/02  53  2017/11/26    428    48   56   50   168   21   20   22
박대흥   18  1958/08/07  62  1997/05/28   6819   979  778  658   306   42   25   21
박병일   27  1964/04/26  57  2011/07/15   1722   147  167  158   197   16   16   16
박윤규   04  1966/09/26  54  2004/07/01   3942   303  341  363   203   16   17   16
박재우   50  1970/01/02  51  2011/01/26   2903   404  316  286   359   48   38   38
박종곤   01  1962/08/26  58  1997/09/04   4459   453  412  426   240   39   31   23
박천서   54  1963/06/08  58  2003/03/05   4259   409  403  405   187    7   13   12
박희철   15  1961/06/26  59  2002/07/01   4996   373  430  440   150    1    6    9
배대선   20  1960/04/02  61  1995/06/26   7630   844  813  800   290   11   18   26
배휴준   29  1966/09/25  54  2005/07/01   4372   311  362  381   212    5   13    8
서범석   12  1964/07/26  56  1999/07/01   4760   429  436  435   213   20   25   15
서인석   33  1968/11/20  52  2010/12/09   4194   377  422  402   435   33   40   44
서정하   43  1958/12/22  62  2004/09/01   2778   162  217  212   106    3    4    4
서홍수   24  1964/01/04  57  2008/09/24   2118   178  186  188   221   25   23   16
손영표   02  1966/11/14  54  2006/07/27   2779   224  213  196   142    5    8   13
송문길   40  1971/03/22  50  2013/07/01   2015   301  241  210   323   51   39   31
신삼영   41  1963/11/06  57  2010/07/01   2079   197  186  186   200    6   16    9
심승태   37  1978/02/14  43  2012/05/04   2171   167  205  193   153    2    5    8
안병기   22  1966/01/20  55  2008/07/01   3664   383  343  345   323   23   25   24
안해양   26  1961/07/24  59  1999/08/26   4150   371  326  348   184   12   11   13
우창구   05  1963/04/28  58  2008/07/01   3017   299  260  259   184   17   13   18
유재길   23  1961/07/16  59  2000/04/07   5514   406  428  474   166    4    5   11
이관호   42  1966/08/21  54  2013/11/01   2010   227  181  208   346   36   21   34
이신영   14  1980/04/12  41  2011/07/01   2344   316  202  227   206   27   14   16
이희영   13  1960/08/16  60  1986/12/04   8269   654  719  736   159    9   11   15
임봉춘   21  1959/04/14  62  2002/08/22   4964   402  419  497   300   23   28   22
임채덕   35  1970/07/09  50  2020/07/01     93     0    2    3    93    0    2    3
전승규   25  1963/10/04  57  2017/04/26    620   106   83   64   199   29   20   19
정호익   10  1965/03/05  56  2006/03/04   4739   487  501  491   323   38   38   34
조현수   11  1970/04/25  51  2018/07/01    622    27   43   52   271   13   17   25
지용철   49  1959/06/27  61  1986/11/20  12134   911 1059 1096   341   12   27   24
최봉주   16  1962/11/19  58  2007/03/08   2702   202  205  220   251   11   14   19
최상식   28  1960/02/25  61  1993/07/13   6071   465  498  523   175   14   17   16
최영주   03  1966/09/03  54  1997/11/19   4811   354  375  353   170   10    7   15
최용건   51  1967/08/09  53  2020/07/01    129    11   11   12   129   11   11   12
최용구   08  1965/10/08  55  2012/07/01   1595   189  167  146   197   19   16   19
토니     30  1974/04/10  47  2019/09/01    208    17   26   27   158   14   21   23
홍대유   06  1963/01/15  58  2006/07/01   3645   307  308  320   323   20   32   26
