-------------------------------------------------------------------------------------
조교사명 조  생년월일   나이 데뷔일자    총출전  1위  2위  3위 1년출전 1위  2위  3위 
-------------------------------------------------------------------------------------
강병은   13  1966/03/03  55  2004/03/02   3892   339  365  338   186    7   12   14
강은석   22  1971/11/10  49  2018/05/17    578    52   42   60   255   18   19   23
강형곤   02  1966/02/07  55  2004/03/02   5103   410  470  494   360   33   43   26
구영준   06  1972/06/08  49  2014/09/01   1621    94  117  151   211   12    7   18
권승주   33  1964/01/09  57  2012/03/03   3610   349  372  351   281   34   22   24
김길중   24  1963/03/28  58  2004/05/01   3601   230  290  306   267   15   15   19
김남중   10  1958/04/28  63  2004/03/02   3925   288  338  353   185   10    6   11
김병학   07  1960/03/15  61  2004/03/02   3749   238  268  309   178    9   15   17
김영관   19  1960/06/13  61  2004/03/02   5816  1312  804  647   330   64   38   39
김영민   11  1980/03/08  41  2020/04/10    112    11   21    6   107   11   20    6
김재섭   16  1963/09/23  57  2004/03/02   4905   541  452  444   218    8   16   13
라이스   31  1976/09/15  44  2013/11/29   1757   234  183  185   284   36   30   32
문제복   29  1965/02/01  56  2007/10/01   2590   213  207  228   149    4    5    8
민장기   21  1966/09/09  54  2004/05/01   4764   502  513  461   286   42   39   32
방동석   26  1967/12/09  53  2007/10/01   2840   261  258  296   199   30   18   16
백광열   01  1964/11/24  56  2004/03/02   6615   817  728  749   385   43   35   47
손병직   23  1973/11/14  47  2019/08/07    172    13   10    8    88    9    5    3
안우성   15  1974/01/18  47  2014/06/01   1676   217  203  202   278   26   32   35
양귀선   09  1961/11/10  59  2004/03/02   4565   292  343  389   323   35   36   24
울즐리   30  1962/12/24  58  2007/12/20   3329   592  437  355   252   34   35   32
유병복   05  1961/01/01  60  2004/03/02   4431   504  465  433   181    8    8    9
윤영훈   14  1965/03/03  56  2004/03/02   4391   285  352  358   162    7    8    8
이상영   27  1966/02/14  55  2007/10/01   3227   288  288  296   219   10    9   14
이정표   18  1965/03/02  56  2004/03/02   4124   181  262  314   204    2    3    2
임금만   04  1964/03/10  57  2004/03/02   4474   492  517  470   290   22   34   33
임동창   32  1960/05/05  61  2010/07/14   1994    88  107  148   189   12    8   15
장세한   17  1963/06/12  58  2004/03/02   4624   307  345  412   228    4   14   16
조용배   12  1967/03/16  54  2004/03/02   4756   217  290  362   238    4    6   13
최기홍   20  1964/11/09  56  2004/03/02   4314   376  389  377   154   10    7    6
토마스   08  1982/03/05  39  2015/06/01   1620   225  226  172   340   33   43   34
하무선   28  1968/06/15  53  2007/10/01   2223   123  138  179    34    0    1    0
