-------------------------------------------------------------------------------------
조교사명 조  생년월일   나이 데뷔일자    총출전  1위  2위  3위 1년출전 1위  2위  3위 
-------------------------------------------------------------------------------------
강은석   22  1971/11/10  49  2018/05/17    637    56   45   65   253   17   18   21
강형곤   02  1966/02/07  55  2004/03/02   5181   414  476  502   346   30   40   27
구민성   10  1978/08/11  43  2021/07/01      8     0    0    1     8    0    0    1
구영준   06  1972/06/08  49  2014/09/01   1681    95  120  159   205    8    8   20
권승주   33  1964/01/09  57  2012/03/03   3683   362  379  357   283   37   24   21
김길중   24  1963/03/28  58  2004/05/01   3637   233  295  307   229   14   14   16
김병학   07  1960/03/15  61  2004/03/02   3786   239  272  312   175    9   14   14
김영관   19  1960/06/13  61  2004/03/02   5885  1325  808  657   297   46   25   38
김영민   11  1980/03/08  41  2020/04/10    112    11   21    6    61    6   11    1
김재섭   16  1963/09/23  57  2004/03/02   4954   546  461  449   202   11   17   18
라이스   31  1976/09/15  44  2013/11/29   1819   251  188  190   262   43   25   23
문제복   29  1965/02/01  56  2007/10/01   2625   213  208  230   161    3    4    9
민장기   21  1966/09/09  54  2004/05/01   4817   506  520  466   266   37   35   29
방동석   26  1967/12/09  53  2007/10/01   2889   265  262  299   193   27   17   11
백광열   01  1964/11/24  56  2004/03/02   6701   824  737  761   360   42   30   40
손병직   23  1973/11/14  47  2019/08/07    172    13   10    8    50    5    2    1
안우성   15  1974/01/18  47  2014/06/01   1737   219  212  206   254   19   34   28
양귀선   09  1961/11/10  59  2004/03/02   4626   298  347  395   294   32   35   24
울즐리   30  1962/12/24  58  2007/12/20   3390   599  449  361   243   28   34   30
유병복   05  1961/01/01  60  2004/03/02   4475   508  467  435   175    9    5    9
윤영훈   14  1965/03/03  56  2004/03/02   4420   287  354  362   154    8    9    8
이상영   27  1966/02/14  55  2007/10/01   3256   290  289  297   174    7    7   10
이정표   18  1965/03/02  56  2004/03/02   4168   181  263  315   193    1    2    2
임금만   04  1964/03/10  57  2004/03/02   4529   497  525  472   264   21   34   25
임동창   32  1960/05/05  61  2010/07/14   2030    88  108  150   163    5    6    9
장세한   17  1963/06/12  58  2004/03/02   4662   309  346  416   203    3    7   14
조용배   12  1967/03/16  54  2004/03/02   4812   218  292  365   226    5    7   11
최기홍   20  1964/11/09  56  2004/03/02   4341   378  390  380   132    8    7    8
토마스   08  1982/03/05  39  2015/06/01   1693   234  233  181   313   26   34   30
하무선   28  1968/06/15  53  2007/10/01   2232   123  139  180    43    0    2    1
