-------------------------------------------------------------------------------------
조교사명 조  생년월일   나이 데뷔일자    총출전  1위  2위  3위 1년출전 1위  2위  3위 
-------------------------------------------------------------------------------------
강은석   22  1971/11/10  50  2018/05/17    688    57   54   70   286   16   25   26
강형곤   02  1966/02/07  55  2004/03/02   5254   420  483  505   391   33   41   30
구민성   10  1978/08/11  43  2021/07/01     38     2    2    1    38    2    2    1
구영준   06  1972/06/08  49  2014/09/01   1726    96  122  161   236    8    9   19
권승주   33  1964/01/09  57  2012/03/03   3750   366  380  371   329   39   23   33
김길중   24  1963/03/28  58  2004/05/01   3686   234  296  309   252   15   13   17
김병학   07  1960/03/15  61  2004/03/02   3817   243  276  314   191   13   17   14
김영관   19  1960/06/13  61  2004/03/02   5964  1341  817  665   352   57   30   44
김영민   11  1980/03/08  41  2020/04/10    112    11   21    6    47    6    9    1
김재섭   16  1963/09/23  58  2004/03/02   5025   552  467  457   254   15   23   25
라이스   31  1976/09/15  45  2013/11/29   1880   257  195  197   302   46   28   27
민장기   21  1966/09/09  55  2004/05/01   4868   513  523  469   293   43   35   27
박재호   13  1978/09/20  43  2021/09/29      2     0    0    1     2    0    0    1
방동석   26  1967/12/09  53  2007/10/01   2932   269  269  302   221   27   23   11
백광열   01  1964/11/24  56  2004/03/02   6787   840  745  771   418   55   37   47
손병직   23  1973/11/14  47  2019/08/07    172    13   10    8    37    4    1    1
안우성   15  1974/01/18  47  2014/06/01   1778   220  218  207   274   19   36   28
양귀선   09  1961/11/10  60  2004/03/02   4694   301  351  405   331   28   36   32
울즐리   30  1962/12/24  58  2007/12/20   3449   605  457  364   286   33   41   31
유병복   05  1961/01/01  60  2004/03/02   4480   508  468  435   168    7    6    9
윤영훈   14  1965/03/03  56  2004/03/02   4451   290  355  363   175   10   10    9
이상영   27  1966/02/14  55  2007/10/01   3289   292  291  301   189    8    8   12
이정표   18  1965/03/02  56  2004/03/02   4198   182  265  315   206    1    4    2
임금만   04  1964/03/10  57  2004/03/02   4581   500  529  474   288   23   36   24
임동창   32  1960/05/05  61  2010/07/14   2063    90  110  152   184    7    8   11
장세한   17  1963/06/12  58  2004/03/02   4701   310  349  418   220    4    9   13
조용배   12  1967/03/16  54  2004/03/02   4854   218  293  369   250    5    7   15
최기홍   20  1964/11/09  57  2004/03/02   4369   382  392  382   147   11    9   10
토마스   08  1982/03/05  39  2015/06/01   1770   247  242  192   358   37   39   37
하무선   28  1968/06/15  53  2007/10/01   2240   124  139  180    51    1    2    1
