-------------------------------------------------------------------------------------
조교사명 조  생년월일   나이 데뷔일자    총출전  1위  2위  3위 1년출전 1위  2위  3위 
-------------------------------------------------------------------------------------
강은석   22  1971/11/10  49  2018/05/17    670    57   49   67   284   17   22   23
강형곤   02  1966/02/07  55  2004/03/02   5228   417  481  504   386   31   44   29
구민성   10  1978/08/11  43  2021/07/01     29     1    0    1    29    1    0    1
구영준   06  1972/06/08  49  2014/09/01   1711    95  121  161   231    8    9   21
권승주   33  1964/01/09  57  2012/03/03   3731   363  380  366   321   37   24   28
김길중   24  1963/03/28  58  2004/05/01   3665   233  296  308   251   14   14   17
김병학   07  1960/03/15  61  2004/03/02   3810   243  275  313   195   13   17   15
김영관   19  1960/06/13  61  2004/03/02   5943  1336  815  662   345   56   30   43
김영민   11  1980/03/08  41  2020/04/10    112    11   21    6    52    6   11    1
김재섭   16  1963/09/23  58  2004/03/02   5001   550  466  453   243   15   22   21
라이스   31  1976/09/15  45  2013/11/29   1860   255  193  195   296   44   28   27
문제복   29  1965/02/01  56  2007/10/01   2635   213  208  232   168    3    4   11
민장기   21  1966/09/09  55  2004/05/01   4852   510  522  468   289   40   35   28
박재호   13  1978/09/20  43  2021/09/29      0     0    0    0     0    0    0    0
방동석   26  1967/12/09  53  2007/10/01   2919   268  265  302   220   29   20   13
백광열   01  1964/11/24  56  2004/03/02   6760   833  743  769   408   49   36   47
손병직   23  1973/11/14  47  2019/08/07    172    13   10    8    47    5    1    1
안우성   15  1974/01/18  47  2014/06/01   1764   220  216  206   274   20   37   28
양귀선   09  1961/11/10  59  2004/03/02   4668   300  351  400   324   32   38   28
울즐리   30  1962/12/24  58  2007/12/20   3431   604  457  362   281   32   42   31
유병복   05  1961/01/01  60  2004/03/02   4480   508  468  435   178    8    6    9
윤영훈   14  1965/03/03  56  2004/03/02   4442   290  355  363   172   11   10    9
이상영   27  1966/02/14  55  2007/10/01   3277   290  290  301   188    7    7   12
이정표   18  1965/03/02  56  2004/03/02   4182   182  264  315   204    2    3    2
임금만   04  1964/03/10  57  2004/03/02   4564   498  528  474   288   22   36   26
임동창   32  1960/05/05  61  2010/07/14   2051    89  108  152   180    6    6   11
장세한   17  1963/06/12  58  2004/03/02   4686   309  348  418   224    3    9   16
조용배   12  1967/03/16  54  2004/03/02   4837   218  292  369   249    5    7   15
최기홍   20  1964/11/09  56  2004/03/02   4358   381  390  382   146   11    7   10
토마스   08  1982/03/05  39  2015/06/01   1741   245  238  185   349   37   37   33
하무선   28  1968/06/15  53  2007/10/01   2237   124  139  180    48    1    2    1
