-------------------------------------------------------------------------------------
조교사명 조  생년월일   나이 데뷔일자    총출전  1위  2위  3위 1년출전 1위  2위  3위 
-------------------------------------------------------------------------------------
강성오   09  1966/08/20  54  2018/07/01    322    40   37   23   126   13   16    8
강환민   31  1970/05/26  50  2017/07/01    646    91   76   74   168   19   17   17
곽영효   19  1961/09/24  59  1997/05/28   4513   471  437  396   110    4    9    9
구자흥   07  1963/08/07  57  2010/04/05   1838   142  194  191   118    7    9    7
김대근   48  1957/08/19  63  1986/07/30   8140   784  839  849   132   25   16   14
김동균   52  1975/08/24  45  2012/07/01   2353   232  200  211   201   24   18   20
김동철   53  1974/11/28  46  2016/03/16   1164    64  106  103   158    4   13    9
김윤섭   32  1968/09/20  52  1998/07/02   4844   314  400  413   103    4    4    6
김점오   17  1959/05/20  61  1987/07/10   8574   783  791  742   126   15   10    7
리카디   34  1968/03/02  53  2017/11/26    383    42   50   43   123   15   14   15
박대흥   18  1958/08/07  62  1997/05/28   6734   972  774  650   221   35   21   13
박병일   27  1964/04/26  56  2011/07/15   1666   140  161  155   141    9   10   13
박윤규   04  1966/09/26  54  2004/07/01   3896   299  336  360   157   12   12   13
박재우   50  1970/01/02  51  2011/01/26   2799   392  303  274   255   36   25   26
박종곤   01  1962/08/26  58  1997/09/04   4395   438  403  418   176   24   22   15
박천서   54  1963/06/08  57  2003/03/05   4213   407  402  402   141    5   12    9
박희철   15  1961/06/26  59  2002/07/01   4961   372  428  434   115    0    4    3
배대선   20  1960/04/02  60  1995/06/26   7560   841  811  794   220    8   16   20
배휴준   29  1966/09/25  54  2005/07/01   4308   310  356  377   148    4    7    4
서범석   12  1964/07/26  56  1999/07/01   4689   426  428  431   142   17   17   11
서인석   33  1968/11/20  52  2010/12/09   4082   368  410  395   323   24   28   37
서정하   43  1958/12/22  62  2004/09/01   2749   162  216  212    77    3    3    4
서홍수   24  1964/01/04  57  2008/09/24   2052   174  181  183   155   21   18   11
손영표   02  1966/11/14  54  2006/07/27   2736   222  211  192    99    3    6    9
송문길   40  1971/03/22  49  2013/07/01   1919   287  231  203   227   37   29   24
신삼영   41  1963/11/06  57  2010/07/01   2035   195  179  185   156    4    9    8
심승태   37  1978/02/14  43  2012/05/04   2136   167  205  191   118    2    5    6
안병기   22  1966/01/20  55  2008/07/01   3573   377  335  340   232   17   17   19
안해양   26  1961/07/24  59  1999/08/26   4093   369  322  347   127   10    7   12
우창구   05  1963/04/28  57  2008/07/01   2959   290  255  251   126    8    8   10
유재길   23  1961/07/16  59  2000/04/07   5472   404  426  471   124    2    3    8
이관호   42  1966/08/21  54  2013/11/01   1909   215  179  200   245   24   19   26
이신영   14  1980/04/12  40  2011/07/01   2281   310  199  223   143   21   11   12
이희영   13  1960/08/16  60  1986/12/04   8228   653  716  734   118    8    8   13
임봉춘   21  1959/04/14  61  2002/08/22   4867   392  409  488   203   13   18   13
임채덕   35  1970/07/09  50  2020/07/01     71     0    0    2    71    0    0    2
전승규   25  1963/10/04  57  2017/04/26    574    99   78   59   153   22   15   14
정호익   10  1965/03/05  56  2006/03/04   4648   481  491  480   232   32   28   23
조현수   11  1970/04/25  50  2018/07/01    544    24   40   49   193   10   14   22
지용철   49  1959/06/27  61  1986/11/20  12038   906 1054 1088   245    7   22   16
최봉주   16  1962/11/19  58  2007/03/08   2606   199  203  212   155    8   12   11
최상식   28  1960/02/25  61  1993/07/13   6023   461  494  518   127   10   13   11
최영주   03  1966/09/03  54  1997/11/19   4773   353  373  350   132    9    5   12
최용건   51  1967/08/09  53  2020/07/01     75     8    9    7    75    8    9    7
최용구   08  1965/10/08  55  2012/07/01   1553   185  165  143   155   15   14   16
토니     30  1974/04/10  46  2019/09/01    164    15   19   19   114   12   14   15
홍대유   06  1963/01/15  58  2006/07/01   3555   301  299  314   233   14   23   20
