-------------------------------------------------------------------------------------
조교사명 조  생년월일   나이 데뷔일자    총출전  1위  2위  3위 1년출전 1위  2위  3위 
-------------------------------------------------------------------------------------
강병은   13  1966/03/03  55  2004/03/02   3843   337  358  334   143    5    5   10
강은석   22  1971/11/10  49  2018/05/17    493    46   34   55   174   12   12   18
강형곤   02  1966/02/07  55  2004/03/02   4995   402  457  488   262   26   32   21
구영준   06  1972/06/08  48  2014/09/01   1561    91  116  148   155    9    6   16
권승주   33  1964/01/09  57  2012/03/03   3518   340  366  345   198   27   17   18
김길중   24  1963/03/28  57  2004/05/01   3538   224  289  301   211   11   14   14
김남중   10  1958/04/28  62  2004/03/02   3867   286  336  347   131    8    4    6
김병학   07  1960/03/15  61  2004/03/02   3697   234  265  304   126    5   12   12
김영관   19  1960/06/13  60  2004/03/02   5732  1298  795  636   255   50   31   29
김영민   11  1980/03/08  41  2020/04/10    112    11   21    6   112   11   21    6
김재섭   16  1963/09/23  57  2004/03/02   4858   539  449  440   174    7   14    9
라이스   31  1976/09/15  44  2013/11/29   1673   219  174  178   209   22   23   25
문제복   29  1965/02/01  56  2007/10/01   2541   213  206  224   100    4    4    4
민장기   21  1966/09/09  54  2004/05/01   4681   489  503  452   208   29   29   25
방동석   26  1967/12/09  53  2007/10/01   2790   255  256  295   155   25   17   16
백광열   01  1964/11/24  56  2004/03/02   6499   801  717  736   278   28   24   34
손병직   23  1973/11/14  47  2019/08/07    172    13   10    8    91    9    5    3
안우성   15  1974/01/18  47  2014/06/01   1587   212  194  191   195   21   23   25
양귀선   09  1961/11/10  59  2004/03/02   4464   285  331  382   233   29   25   18
울즐리   30  1962/12/24  58  2007/12/20   3253   584  425  345   188   28   24   22
유병복   05  1961/01/01  60  2004/03/02   4385   503  464  431   140    7    7    8
윤영훈   14  1965/03/03  56  2004/03/02   4337   282  349  356   110    4    5    6
이상영   27  1966/02/14  55  2007/10/01   3182   288  286  291   185   11    7   10
이정표   18  1965/03/02  56  2004/03/02   4057   181  262  314   139    2    3    2
임금만   04  1964/03/10  57  2004/03/02   4399   485  509  462   219   15   26   25
임동창   32  1960/05/05  60  2010/07/14   1941    85  105  145   138    9    6   12
장세한   17  1963/06/12  57  2004/03/02   4558   307  343  408   166    4   12   13
조용배   12  1967/03/16  54  2004/03/02   4689   215  288  359   176    2    4   10
최기홍   20  1964/11/09  56  2004/03/02   4281   373  385  375   123    7    3    5
토마스   08  1982/03/05  39  2015/06/01   1529   216  216  164   255   26   35   27
하무선   28  1968/06/15  52  2007/10/01   2206   123  137  179    17    0    0    0
