-------------------------------------------------------------------------------------
조교사명 조  생년월일   나이 데뷔일자    총출전  1위  2위  3위 1년출전 1위  2위  3위 
-------------------------------------------------------------------------------------
강성오   09  1966/08/20  54  2018/07/01    314    39   36   23   118   12   15    8
강환민   31  1970/05/26  50  2017/07/01    633    89   75   71   155   17   16   14
곽영효   19  1961/09/24  59  1997/05/28   4506   470  437  396   103    3    9    9
구자흥   07  1963/08/07  57  2010/04/05   1829   142  194  191   109    7    9    7
김대근   48  1957/08/19  63  1986/07/30   8127   783  837  846   119   24   14   11
김동균   52  1975/08/24  45  2012/07/01   2335   232  195  210   183   24   13   19
김동철   53  1974/11/28  46  2016/03/16   1149    64  105  103   143    4   12    9
김윤섭   32  1968/09/20  52  1998/07/02   4836   314  399  413    95    4    3    6
김점오   17  1959/05/20  61  1987/07/10   8567   783  791  742   119   15   10    7
리카디   34  1968/03/02  52  2017/11/26    373    42   48   43   113   15   12   15
박대흥   18  1958/08/07  62  1997/05/28   6719   969  773  650   206   32   20   13
박병일   27  1964/04/26  56  2011/07/15   1654   140  160  154   129    9    9   12
박윤규   04  1966/09/26  54  2004/07/01   3884   297  336  360   145   10   12   13
박재우   50  1970/01/02  51  2011/01/26   2776   386  298  273   232   30   20   25
박종곤   01  1962/08/26  58  1997/09/04   4383   434  402  416   164   20   21   13
박천서   54  1963/06/08  57  2003/03/05   4198   407  402  402   126    5   12    9
박희철   15  1961/06/26  59  2002/07/01   4953   372  428  434   107    0    4    3
배대선   20  1960/04/02  60  1995/06/26   7542   841  811  793   202    8   16   19
배휴준   29  1966/09/25  54  2005/07/01   4295   310  355  377   135    4    6    4
서범석   12  1964/07/26  56  1999/07/01   4675   426  427  429   128   17   16    9
서인석   33  1968/11/20  52  2010/12/09   4059   367  409  394   300   23   27   36
서정하   43  1958/12/22  62  2004/09/01   2742   161  215  211    70    2    2    3
서홍수   24  1964/01/04  57  2008/09/24   2036   173  180  182   139   20   17   10
손영표   02  1966/11/14  54  2006/07/27   2724   222  211  191    87    3    6    8
송문길   40  1971/03/22  49  2013/07/01   1892   281  229  201   200   31   27   22
신삼영   41  1963/11/06  57  2010/07/01   2022   195  179  183   143    4    9    6
심승태   37  1978/02/14  43  2012/05/04   2130   167  205  190   112    2    5    5
안병기   22  1966/01/20  55  2008/07/01   3556   377  334  339   215   17   16   18
안해양   26  1961/07/24  59  1999/08/26   4083   368  322  346   117    9    7   11
우창구   05  1963/04/28  57  2008/07/01   2950   289  255  249   117    7    8    8
유재길   23  1961/07/16  59  2000/04/07   5464   404  426  471   116    2    3    8
이관호   42  1966/08/21  54  2013/11/01   1890   212  177  200   226   21   17   26
이신영   14  1980/04/12  40  2011/07/01   2267   309  199  222   129   20   11   11
이희영   13  1960/08/16  60  1986/12/04   8214   653  714  733   104    8    6   12
임봉춘   21  1959/04/14  61  2002/08/22   4850   392  406  487   186   13   15   12
임채덕   35  1970/07/09  50  2020/07/01     66     0    0    2    66    0    0    2
전승규   25  1963/10/04  57  2017/04/26    558    96   78   58   137   19   15   13
정호익   10  1965/03/05  55  2006/03/04   4628   479  488  477   212   30   25   20
조현수   11  1970/04/25  50  2018/07/01    534    24   40   47   183   10   14   20
지용철   49  1959/06/27  61  1986/11/20  12017   905 1052 1087   224    6   20   15
최봉주   16  1962/11/19  58  2007/03/08   2595   199  202  211   144    8   11   10
최상식   28  1960/02/25  61  1993/07/13   6013   460  492  516   117    9   11    9
최영주   03  1966/09/03  54  1997/11/19   4756   353  373  349   115    9    5   11
최용건   51  1967/08/09  53  2020/07/01     67     6    9    6    67    6    9    6
최용구   08  1965/10/08  55  2012/07/01   1543   185  165  142   145   15   14   15
토니     30  1974/04/10  46  2019/09/01    155    15   19   19   105   12   14   15
홍대유   06  1963/01/15  58  2006/07/01   3532   300  297  313   210   13   21   19
