-------------------------------------------------------------------------------------
조교사명 조  생년월일   나이 데뷔일자    총출전  1위  2위  3위 1년출전 1위  2위  3위 
-------------------------------------------------------------------------------------
강병은   13  1966/03/03  55  2004/03/02   3848   337  358  334   148    5    5   10
강은석   22  1971/11/10  49  2018/05/17    499    46   34   55   180   12   12   18
강형곤   02  1966/02/07  55  2004/03/02   5001   403  458  489   268   27   33   22
구영준   06  1972/06/08  48  2014/09/01   1568    91  116  148   162    9    6   16
권승주   33  1964/01/09  57  2012/03/03   3527   342  366  345   207   29   17   18
김길중   24  1963/03/28  58  2004/05/01   3544   224  289  302   217   11   14   15
김남중   10  1958/04/28  62  2004/03/02   3875   286  337  349   139    8    5    8
김병학   07  1960/03/15  61  2004/03/02   3700   234  265  305   129    5   12   13
김영관   19  1960/06/13  60  2004/03/02   5738  1298  795  637   261   50   31   30
김영민   11  1980/03/08  41  2020/04/10    112    11   21    6   112   11   21    6
김재섭   16  1963/09/23  57  2004/03/02   4861   540  450  441   177    8   15   10
라이스   31  1976/09/15  44  2013/11/29   1678   219  174  178   214   22   23   25
문제복   29  1965/02/01  56  2007/10/01   2544   213  206  225   103    4    4    5
민장기   21  1966/09/09  54  2004/05/01   4691   491  505  452   218   31   31   25
방동석   26  1967/12/09  53  2007/10/01   2792   255  256  295   157   25   17   16
백광열   01  1964/11/24  56  2004/03/02   6509   801  717  737   288   28   24   35
손병직   23  1973/11/14  47  2019/08/07    172    13   10    8    91    9    5    3
안우성   15  1974/01/18  47  2014/06/01   1593   212  195  192   201   21   24   26
양귀선   09  1961/11/10  59  2004/03/02   4471   285  332  382   240   29   26   18
울즐리   30  1962/12/24  58  2007/12/20   3259   585  425  345   194   29   24   22
유병복   05  1961/01/01  60  2004/03/02   4388   504  464  431   143    8    7    8
윤영훈   14  1965/03/03  56  2004/03/02   4340   282  349  356   113    4    5    6
이상영   27  1966/02/14  55  2007/10/01   3185   288  287  291   188   11    8   10
이정표   18  1965/03/02  56  2004/03/02   4058   181  262  314   140    2    3    2
임금만   04  1964/03/10  57  2004/03/02   4403   485  509  462   223   15   26   25
임동창   32  1960/05/05  60  2010/07/14   1943    85  105  145   140    9    6   12
장세한   17  1963/06/12  57  2004/03/02   4563   307  343  408   171    4   12   13
조용배   12  1967/03/16  54  2004/03/02   4691   215  288  359   178    2    4   10
최기홍   20  1964/11/09  56  2004/03/02   4282   373  385  375   124    7    3    5
토마스   08  1982/03/05  39  2015/06/01   1534   218  218  164   260   28   37   27
하무선   28  1968/06/15  52  2007/10/01   2208   123  137  179    19    0    0    0
