-------------------------------------------------------------------------------------
조교사명 조  생년월일   나이 데뷔일자    총출전  1위  2위  3위 1년출전 1위  2위  3위 
-------------------------------------------------------------------------------------
강성오   09  1966/08/20  54  2018/07/01    409    50   48   30   191   19   26   12
강환민   31  1970/05/26  51  2017/07/01    730   100   88   81   223   26   25   23
곽영효   19  1961/09/24  59  1997/05/28   4569   475  440  397   143    6   11    7
구자흥   07  1963/08/07  57  2010/04/05   1893   148  196  193   150   12    9    7
김동균   52  1975/08/24  45  2012/07/01   2456   248  213  225   264   35   30   28
김동철   53  1974/11/28  46  2016/03/16   1254    71  111  112   218   11   17   16
김윤섭   32  1968/09/20  52  1998/07/02   4899   315  401  417   135    4    5    9
김점오   17  1959/05/20  62  1987/07/10   8623   786  794  746   147   16    9    9
리카디   34  1968/03/02  53  2017/11/26    443    50   58   51   158   22   15   20
박대흥   18  1958/08/07  62  1997/05/28   6847   983  781  660   287   35   22   22
박병일   27  1964/04/26  57  2011/07/15   1736   150  169  160   178   15   16   12
박윤규   04  1966/09/26  54  2004/07/01   3961   308  341  363   191   19   12   12
박재우   50  1970/01/02  51  2011/01/26   2940   409  321  289   349   42   40   37
박종곤   01  1962/08/26  58  1997/09/04   4481   456  415  429   227   38   29   25
박천서   54  1963/06/08  58  2003/03/05   4273   410  404  405   178    8   10   11
박희철   15  1961/06/26  60  2002/07/01   5007   374  430  442   128    2    4   10
배대선   20  1960/04/02  61  1995/06/26   7654   847  815  803   261   11   14   25
배휴준   29  1966/09/25  54  2005/07/01   4390   311  362  383   203    4   13    9
서범석   12  1964/07/26  56  1999/07/01   4776   429  437  437   201   17   21   15
서인석   33  1968/11/20  52  2010/12/09   4240   384  427  405   410   36   39   40
서정하   43  1958/12/22  62  2004/09/01   2788   162  218  214    99    3    4    5
서홍수   24  1964/01/04  57  2008/09/24   2148   180  188  194   216   19   24   20
손영표   02  1966/11/14  54  2006/07/27   2795   225  215  196   137    5    6   12
송문길   40  1971/03/22  50  2013/07/01   2048   304  247  211   317   46   37   26
신삼영   41  1963/11/06  57  2010/07/01   2096   198  187  186   187    6   12    8
심승태   37  1978/02/14  43  2012/05/04   2180   167  206  193   132    1    2    7
안병기   22  1966/01/20  55  2008/07/01   3701   384  346  350   312   22   26   24
안해양   26  1961/07/24  60  1999/08/26   4174   371  327  351   187   12   10   15
우창구   05  1963/04/28  58  2008/07/01   3041   302  264  259   182   15   14   15
유재길   23  1961/07/16  60  2000/04/07   5535   406  430  475   155    3    7    9
이관호   42  1966/08/21  54  2013/11/01   2048   231  188  210   338   36   24   32
이신영   14  1980/04/12  41  2011/07/01   2372   317  205  231   202   23   15   14
이준철   48  1980/02/23  41  2021/07/01      8     1    1    2     8    1    1    2
이희영   13  1960/08/16  60  1986/12/04   8279   654  719  736   142    7    9   12
임봉춘   21  1959/04/14  62  2002/08/22   4995   405  421  499   291   23   27   22
임채덕   35  1970/07/09  51  2020/07/01    106     0    3    3   103    0    3    3
전승규   25  1963/10/04  57  2017/04/26    636   109   84   65   185   30   20   15
정호익   10  1965/03/05  56  2006/03/04   4768   493  503  494   306   40   34   35
조현수   11  1970/04/25  51  2018/07/01    643    28   44   55   244   10   14   19
지용철   49  1959/06/27  62  1986/11/20  12168   913 1062 1098   325   10   27   22
최봉주   16  1962/11/19  58  2007/03/08   2729   202  208  221   250   10   15   18
최상식   28  1960/02/25  61  1993/07/13   6088   465  500  523   165   11   17   15
최영주   03  1966/09/03  54  1997/11/19   4820   354  377  354   152    7    8   13
최용건   51  1967/08/09  53  2020/07/01    155    12   12   17   154   11   12   17
최용구   08  1965/10/08  55  2012/07/01   1612   190  167  147   180   18   12   13
토니     30  1974/04/10  47  2019/09/01    222    19   26   29   146   15   18   19
홍대유   06  1963/01/15  58  2006/07/01   3675   311  312  326   311   17   31   27
