-------------------------------------------------------------------------------------
조교사명 조  생년월일   나이 데뷔일자    총출전  1위  2위  3위 1년출전 1위  2위  3위 
-------------------------------------------------------------------------------------
강병은   13  1966/03/03  55  2004/03/02   3884   339  364  338   184    7   11   14
강은석   22  1971/11/10  49  2018/05/17    564    50   40   57   245   16   18   20
강형곤   02  1966/02/07  55  2004/03/02   5081   409  466  492   348   33   41   25
구영준   06  1972/06/08  48  2014/09/01   1611    94  117  151   205   12    7   19
권승주   33  1964/01/09  57  2012/03/03   3594   346  371  351   274   33   22   24
김길중   24  1963/03/28  58  2004/05/01   3592   229  289  306   265   16   14   19
김남중   10  1958/04/28  63  2004/03/02   3916   287  338  352   180    9    6   11
김병학   07  1960/03/15  61  2004/03/02   3743   237  268  307   172    8   15   15
김영관   19  1960/06/13  60  2004/03/02   5799  1310  801  643   322   62   37   36
김영민   11  1980/03/08  41  2020/04/10    112    11   21    6   112   11   21    6
김재섭   16  1963/09/23  57  2004/03/02   4903   541  452  444   219    9   17   13
라이스   31  1976/09/15  44  2013/11/29   1747   233  182  185   283   36   31   32
문제복   29  1965/02/01  56  2007/10/01   2584   213  207  228   143    4    5    8
민장기   21  1966/09/09  54  2004/05/01   4752   500  512  459   279   40   38   32
방동석   26  1967/12/09  53  2007/10/01   2835   259  258  296   200   29   19   17
백광열   01  1964/11/24  56  2004/03/02   6600   815  726  747   379   42   33   45
손병직   23  1973/11/14  47  2019/08/07    172    13   10    8    91    9    5    3
안우성   15  1974/01/18  47  2014/06/01   1665   217  203  199   273   26   32   33
양귀선   09  1961/11/10  59  2004/03/02   4548   291  343  389   317   35   37   25
울즐리   30  1962/12/24  58  2007/12/20   3318   592  433  354   253   36   32   31
유병복   05  1961/01/01  60  2004/03/02   4426   504  465  432   181    8    8    9
윤영훈   14  1965/03/03  56  2004/03/02   4382   284  351  358   155    6    7    8
이상영   27  1966/02/14  55  2007/10/01   3223   288  288  296   226   11    9   15
이정표   18  1965/03/02  56  2004/03/02   4116   181  262  314   198    2    3    2
임금만   04  1964/03/10  57  2004/03/02   4459   491  516  469   279   21   33   32
임동창   32  1960/05/05  61  2010/07/14   1984    88  107  148   181   12    8   15
장세한   17  1963/06/12  57  2004/03/02   4615   307  345  411   223    4   14   16
조용배   12  1967/03/16  54  2004/03/02   4750   217  290  362   237    4    6   13
최기홍   20  1964/11/09  56  2004/03/02   4309   375  388  377   151    9    6    7
토마스   08  1982/03/05  39  2015/06/01   1599   223  225  171   325   33   44   34
하무선   28  1968/06/15  52  2007/10/01   2221   123  138  179    32    0    1    0
