-------------------------------------------------------------------------------------
조교사명 조  생년월일   나이 데뷔일자    총출전  1위  2위  3위 1년출전 1위  2위  3위 
-------------------------------------------------------------------------------------
강은석   22  1971/11/10  50  2018/05/17    713    60   56   72   295   19   26   27
강형곤   02  1966/02/07  55  2004/03/02   5290   421  486  507   396   31   39   30
구민성   10  1978/08/11  43  2021/07/01     60     5    3    3    60    5    3    3
구영준   06  1972/06/08  49  2014/09/01   1745    98  124  161   238    8   11   18
권승주   33  1964/01/09  57  2012/03/03   3787   369  383  374   342   40   25   35
김길중   24  1963/03/28  58  2004/05/01   3707   234  296  311   252   15   10   14
김병학   07  1960/03/15  61  2004/03/02   3837   244  278  316   195   13   17   14
김영관   19  1960/06/13  61  2004/03/02   5991  1347  821  667   355   62   32   42
김영민   11  1980/03/08  41  2020/04/10    112    11   21    6    34    5    5    1
김재섭   16  1963/09/23  58  2004/03/02   5047   554  469  461   254   16   25   28
라이스   31  1976/09/15  45  2013/11/29   1905   259  196  202   306   46   28   30
민장기   21  1966/09/09  55  2004/05/01   4895   516  524  472   302   38   32   28
박재호   13  1978/09/20  43  2021/09/29      7     0    1    1     7    0    1    1
방동석   26  1967/12/09  53  2007/10/01   2948   271  269  302   220   25   22   11
백광열   01  1964/11/24  57  2004/03/02   6826   845  750  774   426   53   41   48
손병직   23  1973/11/14  48  2019/08/07    172    13   10    8    24    4    0    1
안우성   15  1974/01/18  47  2014/06/01   1809   225  220  209   289   21   35   26
양귀선   09  1961/11/10  60  2004/03/02   4724   306  351  411   338   28   32   35
울즐리   30  1962/12/24  58  2007/12/20   3479   607  460  366   296   32   41   30
유병복   05  1961/01/01  60  2004/03/02   4480   508  468  435   151    7    5    9
윤영훈   14  1965/03/03  56  2004/03/02   4474   290  358  366   181   10   12   11
이상영   27  1966/02/14  55  2007/10/01   3304   293  294  302   185    8   11   12
이정표   18  1965/03/02  56  2004/03/02   4217   183  266  315   206    2    5    1
임금만   04  1964/03/10  57  2004/03/02   4606   501  530  477   290   22   31   23
임동창   32  1960/05/05  61  2010/07/14   2082    94  112  153   186   11   10   10
장세한   17  1963/06/12  58  2004/03/02   4716   310  349  421   218    4    8   16
조용배   12  1967/03/16  54  2004/03/02   4878   218  295  369   251    4    8   14
최기홍   20  1964/11/09  57  2004/03/02   4376   383  392  382   137   12    8    9
토마스   08  1982/03/05  39  2015/06/01   1804   247  250  195   363   35   45   38
하무선   28  1968/06/15  53  2007/10/01   2246   125  139  181    55    2    2    2
