-------------------------------------------------------------------------------------
조교사명 조  생년월일   나이 데뷔일자    총출전  1위  2위  3위 1년출전 1위  2위  3위 
-------------------------------------------------------------------------------------
강병은   13  1966/03/03  54  2004/03/02   3832   337  358  334   135    5    5   10
강은석   22  1971/11/10  49  2018/05/17    474    46   33   54   155   12   11   17
강형곤   02  1966/02/07  55  2004/03/02   4962   398  453  485   236   24   29   18
구영준   06  1972/06/08  48  2014/09/01   1548    91  116  147   149    9    6   16
권승주   33  1964/01/09  57  2012/03/03   3495   335  364  345   180   22   15   18
김길중   24  1963/03/28  57  2004/05/01   3512   224  287  301   189   11   13   15
김남중   10  1958/04/28  62  2004/03/02   3855   285  336  346   123    7    5    5
김병학   07  1960/03/15  60  2004/03/02   3681   234  262  304   110    5    9   12
김영관   19  1960/06/13  60  2004/03/02   5705  1292  795  631   232   44   31   24
김영민   11  1980/03/08  40  2020/04/10    112    11   21    6   112   11   21    6
김재섭   16  1963/09/23  57  2004/03/02   4848   539  448  439   166    8   13    8
라이스   31  1976/09/15  44  2013/11/29   1652   218  173  175   190   21   22   23
문제복   29  1965/02/01  56  2007/10/01   2526   212  206  224    85    3    4    4
민장기   21  1966/09/09  54  2004/05/01   4660   487  501  449   192   29   27   23
방동석   26  1967/12/09  53  2007/10/01   2772   253  252  293   139   24   13   14
백광열   01  1964/11/24  56  2004/03/02   6471   795  715  734   253   23   22   32
손병직   23  1973/11/14  47  2019/08/07    172    13   10    8    96   10    5    3
안우성   15  1974/01/18  47  2014/06/01   1569   209  193  188   179   18   23   23
양귀선   09  1961/11/10  59  2004/03/02   4438   283  326  379   213   28   21   15
울즐리   30  1962/12/24  58  2007/12/20   3237   582  423  343   178   27   23   21
유병복   05  1961/01/01  60  2004/03/02   4366   503  464  426   123    7    7    3
윤영훈   14  1965/03/03  55  2004/03/02   4325   282  347  356   102    4    3    6
이상영   27  1966/02/14  55  2007/10/01   3164   288  286  291   174   12    8   10
이정표   18  1965/03/02  55  2004/03/02   4036   181  261  314   125    2    3    3
임금만   04  1964/03/10  56  2004/03/02   4379   483  507  459   206   13   25   23
임동창   32  1960/05/05  60  2010/07/14   1925    84  104  144   124    8    5   11
장세한   17  1963/06/12  57  2004/03/02   4541   307  343  408   156    4   12   13
조용배   12  1967/03/16  53  2004/03/02   4668   215  287  358   161    2    3   10
최기홍   20  1964/11/09  56  2004/03/02   4271   373  384  375   119    7    2    7
토마스   08  1982/03/05  38  2015/06/01   1504   214  214  164   236   24   34   27
하무선   28  1968/06/15  52  2007/10/01   2200   123  137  179    11    0    0    0
