-------------------------------------------------------------------------------------
조교사명 조  생년월일   나이 데뷔일자    총출전  1위  2위  3위 1년출전 1위  2위  3위 
-------------------------------------------------------------------------------------
강성오   09  1966/08/20  54  2018/07/01    326    40   37   24   130   13   16    9
강환민   31  1970/05/26  50  2017/07/01    649    91   77   74   171   19   18   17
곽영효   19  1961/09/24  59  1997/05/28   4518   472  438  396   115    5   10    9
구자흥   07  1963/08/07  57  2010/04/05   1843   142  194  192   123    7    9    8
김대근   48  1957/08/19  63  1986/07/30   8144   785  840  849   136   26   17   14
김동균   52  1975/08/24  45  2012/07/01   2360   233  202  212   208   25   20   21
김동철   53  1974/11/28  46  2016/03/16   1165    64  106  103   159    4   13    9
김윤섭   32  1968/09/20  52  1998/07/02   4846   314  400  413   105    4    4    6
김점오   17  1959/05/20  61  1987/07/10   8576   783  791  742   128   15   10    7
리카디   34  1968/03/02  53  2017/11/26    388    43   50   44   128   16   14   16
박대흥   18  1958/08/07  62  1997/05/28   6743   972  775  650   230   35   22   13
박병일   27  1964/04/26  56  2011/07/15   1669   140  161  155   144    9   10   13
박윤규   04  1966/09/26  54  2004/07/01   3899   300  336  361   160   13   12   14
박재우   50  1970/01/02  51  2011/01/26   2809   395  304  274   265   39   26   26
박종곤   01  1962/08/26  58  1997/09/04   4401   439  403  420   182   25   22   17
박천서   54  1963/06/08  57  2003/03/05   4217   407  402  402   145    5   12    9
박희철   15  1961/06/26  59  2002/07/01   4963   372  428  434   117    0    4    3
배대선   20  1960/04/02  60  1995/06/26   7566   841  811  794   226    8   16   20
배휴준   29  1966/09/25  54  2005/07/01   4312   310  356  377   152    4    7    4
서범석   12  1964/07/26  56  1999/07/01   4690   426  428  431   143   17   17   11
서인석   33  1968/11/20  52  2010/12/09   4090   368  411  395   331   24   29   37
서정하   43  1958/12/22  62  2004/09/01   2750   162  216  212    78    3    3    4
서홍수   24  1964/01/04  57  2008/09/24   2055   174  181  185   158   21   18   13
손영표   02  1966/11/14  54  2006/07/27   2739   222  211  192   102    3    6    9
송문길   40  1971/03/22  50  2013/07/01   1927   290  232  203   235   40   30   24
신삼영   41  1963/11/06  57  2010/07/01   2036   195  179  185   157    4    9    8
심승태   37  1978/02/14  43  2012/05/04   2138   167  205  191   120    2    5    6
안병기   22  1966/01/20  55  2008/07/01   3579   378  336  340   238   18   18   19
안해양   26  1961/07/24  59  1999/08/26   4098   369  322  347   132   10    7   12
우창구   05  1963/04/28  57  2008/07/01   2965   291  255  251   132    9    8   10
유재길   23  1961/07/16  59  2000/04/07   5476   404  426  472   128    2    3    9
이관호   42  1966/08/21  54  2013/11/01   1916   215  179  200   252   24   19   26
이신영   14  1980/04/12  40  2011/07/01   2288   311  199  223   150   22   11   12
이희영   13  1960/08/16  60  1986/12/04   8231   653  716  734   121    8    8   13
임봉춘   21  1959/04/14  61  2002/08/22   4877   392  411  489   213   13   20   14
임채덕   35  1970/07/09  50  2020/07/01     71     0    0    2    71    0    0    2
전승규   25  1963/10/04  57  2017/04/26    575    99   78   59   154   22   15   14
정호익   10  1965/03/05  56  2006/03/04   4652   481  492  480   236   32   29   23
조현수   11  1970/04/25  50  2018/07/01    550    24   40   49   199   10   14   22
지용철   49  1959/06/27  61  1986/11/20  12044   906 1054 1090   251    7   22   18
최봉주   16  1962/11/19  58  2007/03/08   2614   199  203  214   163    8   12   13
최상식   28  1960/02/25  61  1993/07/13   6025   461  494  518   129   10   13   11
최영주   03  1966/09/03  54  1997/11/19   4776   353  373  350   135    9    5   12
최용건   51  1967/08/09  53  2020/07/01     77     8    9    7    77    8    9    7
최용구   08  1965/10/08  55  2012/07/01   1555   185  165  143   157   15   14   16
토니     30  1974/04/10  46  2019/09/01    166    15   19   19   116   12   14   15
홍대유   06  1963/01/15  58  2006/07/01   3562   301  301  314   240   14   25   20
