-------------------------------------------------------------------------------------
조교사명 조  생년월일   나이 데뷔일자    총출전  1위  2위  3위 1년출전 1위  2위  3위 
-------------------------------------------------------------------------------------
강성오   09  1966/08/20  55  2018/07/01    465    55   54   37   209   23   27   16
강환민   31  1970/05/26  51  2017/07/01    783   105   92   85   217   23   24   21
곽영효   19  1961/09/24  60  1997/05/28   4608   478  448  401   138    8   14    8
구자흥   07  1963/08/07  58  2010/04/05   1932   150  199  194   153   12    7    6
김동균   52  1975/08/24  46  2012/07/01   2557   264  220  232   304   43   32   31
김동철   53  1974/11/28  46  2016/03/16   1326    76  116  116   238   14   17   16
김윤섭   32  1968/09/20  53  1998/07/02   4939   318  404  420   138    6    6    9
김점오   17  1959/05/20  62  1987/07/10   8651   790  796  749   125   13    9   11
리카디   34  1968/03/02  53  2017/11/26    502    55   67   61   169   17   21   22
박대흥   18  1958/08/07  63  1997/05/28   6939   996  789  665   314   41   25   20
박병일   27  1964/04/26  57  2011/07/15   1797   155  175  162   193   16   20   12
박윤규   04  1966/09/26  55  2004/07/01   4009   311  346  369   179   17   12   14
박재우   50  1970/01/02  51  2011/01/26   3049   423  334  301   382   47   48   40
박종곤   01  1962/08/26  59  1997/09/04   4557   466  424  440   235   41   30   31
박천서   54  1963/06/08  58  2003/03/05   4331   413  409  411   195    9   11   12
박희철   15  1961/06/26  60  2002/07/01   5048   376  433  443   125    4    5   10
배대선   20  1960/04/02  61  1995/06/26   7722   852  820  808   253   13   12   22
배휴준   29  1966/09/25  55  2005/07/01   4439   314  365  385   195    6   11   10
서범석   12  1964/07/26  57  1999/07/01   4841   433  442  441   217   14   20   18
서인석   33  1968/11/20  52  2010/12/09   4382   398  440  419   446   37   44   41
서정하   43  1958/12/22  62  2004/09/01   2813   162  218  217    92    1    3    6
서홍수   24  1964/01/04  57  2008/09/24   2227   193  199  203   251   25   26   27
손영표   02  1966/11/14  55  2006/07/27   2846   229  219  197   155    8    9    9
송문길   40  1971/03/22  50  2013/07/01   2142   313  257  221   346   46   36   29
신삼영   41  1963/11/06  58  2010/07/01   2148   199  192  193   183    4   15   13
심승태   37  1978/02/14  43  2012/05/04   2213   170  206  194   110    3    1    5
안병기   22  1966/01/20  55  2008/07/01   3819   395  351  361   349   23   24   27
안해양   26  1961/07/24  60  1999/08/26   4242   377  337  360   210   13   18   20
우창구   05  1963/04/28  58  2008/07/01   3106   314  268  265   205   26   14   18
유재길   23  1961/07/16  60  2000/04/07   5583   408  431  477   157    5    8    9
이관호   42  1966/08/21  55  2013/11/01   2160   238  198  222   375   32   27   32
이신영   14  1980/04/12  41  2011/07/01   2436   322  209  237   224   21   17   16
이준철   48  1980/02/23  41  2021/07/01     49    11    8    8    49   11    8    8
이희영   13  1960/08/16  61  1986/12/04   8324   657  726  740   144    7   14   14
임봉춘   21  1959/04/14  62  2002/08/22   5093   412  435  509   319   23   35   27
임채덕   35  1970/07/09  51  2020/07/01    151     3    5    5   123    3    5    3
전승규   25  1963/10/04  58  2017/04/26    696   115   90   69   197   26   21   15
정호익   10  1965/03/05  56  2006/03/04   4860   499  510  500   323   39   32   33
조현수   11  1970/04/25  51  2018/07/01    708    29   46   59   242    9    9   19
지용철   49  1959/06/27  62  1986/11/20  12283   917 1070 1108   349   13   26   24
최봉주   16  1962/11/19  58  2007/03/08   2802   205  213  225   269   10   14   19
최상식   28  1960/02/25  61  1993/07/13   6138   468  504  530   171   14   18   16
최영주   03  1966/09/03  55  1997/11/19   4849   355  377  358   131    3    5   11
최용건   51  1967/08/09  54  2020/07/01    220    20   14   22   197   17   10   20
최용구   08  1965/10/08  56  2012/07/01   1664   193  173  154   176   13   13   13
토니     30  1974/04/10  47  2019/09/01    277    25   32   34   169   17   16   22
홍대유   06  1963/01/15  58  2006/07/01   3776   323  324  334   330   27   35   24
