-------------------------------------------------------------------------------------
조교사명 조  생년월일   나이 데뷔일자    총출전  1위  2위  3위 1년출전 1위  2위  3위 
-------------------------------------------------------------------------------------
강성오   09  1966/08/20  55  2018/07/01    489    57   54   42   211   21   26   19
강환민   31  1970/05/26  51  2017/07/01    806   108   96   86   213   24   25   19
곽영효   19  1961/09/24  60  1997/05/28   4627   478  450  402   141    8   14    9
구자흥   07  1963/08/07  58  2010/04/05   1943   151  199  195   139   11    6    5
김동균   52  1975/08/24  46  2012/07/01   2593   267  222  237   308   44   31   33
김동철   53  1974/11/28  47  2016/03/16   1349    77  117  116   233   15   14   14
김윤섭   32  1968/09/20  53  1998/07/02   4955   319  405  422   139    5    6   10
김점오   17  1959/05/20  62  1987/07/10   8661   790  796  751   111   11    7   11
리카디   34  1968/03/02  53  2017/11/26    528    58   70   62   177   17   23   22
박대흥   18  1958/08/07  63  1997/05/28   6974   998  796  667   309   38   28   20
박병일   27  1964/04/26  57  2011/07/15   1824   159  178  163   196   20   21   11
박윤규   04  1966/09/26  55  2004/07/01   4030   313  349  372   173   17   14   15
박재우   50  1970/01/02  51  2011/01/26   3091   426  340  304   377   47   51   38
박종곤   01  1962/08/26  59  1997/09/04   4589   476  424  440   244   46   27   28
박천서   54  1963/06/08  58  2003/03/05   4353   416  412  415   192   12   12   15
박희철   15  1961/06/26  60  2002/07/01   5061   380  433  443   125    8    5    9
배대선   20  1960/04/02  61  1995/06/26   7742   855  821  811   239   16   11   23
배휴준   29  1966/09/25  55  2005/07/01   4459   315  366  386   194    7   11   10
서범석   12  1964/07/26  57  1999/07/01   4865   434  445  444   220   12   22   18
서인석   33  1968/11/20  53  2010/12/09   4435   406  445  421   452   42   46   37
서정하   43  1958/12/22  63  2004/09/01   2819   162  218  218    87    1    3    7
서홍수   24  1964/01/04  57  2008/09/24   2254   196  204  208   248   27   27   28
손영표   02  1966/11/14  55  2006/07/27   2867   229  220  198   161    8   10    9
송문길   40  1971/03/22  50  2013/07/01   2178   317  263  226   344   44   38   29
신삼영   41  1963/11/06  58  2010/07/01   2170   201  193  195   181    6   16   13
심승태   37  1978/02/14  43  2012/05/04   2232   171  206  194   115    4    1    5
안병기   22  1966/01/20  55  2008/07/01   3864   397  354  364   359   24   23   29
안해양   26  1961/07/24  60  1999/08/26   4262   378  341  361   211   10   22   20
우창구   05  1963/04/28  58  2008/07/01   3129   315  270  267   205   26   15   20
유재길   23  1961/07/16  60  2000/04/07   5600   409  432  477   154    6    7    8
이관호   42  1966/08/21  55  2013/11/01   2204   245  201  230   381   34   28   36
이신영   14  1980/04/12  41  2011/07/01   2467   322  209  241   236   18   14   20
이준철   48  1980/02/23  41  2021/07/01     68    13   11   11    68   13   11   11
이희영   13  1960/08/16  61  1986/12/04   8345   660  728  743   148    8   14   14
임봉춘   21  1959/04/14  62  2002/08/22   5130   413  438  511   330   23   33   27
임채덕   35  1970/07/09  51  2020/07/01    169     4    6    7   124    4    6    5
전승규   25  1963/10/04  58  2017/04/26    725   115   93   75   198   22   21   21
정호익   10  1965/03/05  56  2006/03/04   4898   502  513  503   323   34   29   32
조현수   11  1970/04/25  51  2018/07/01    731    30   47   61   235    7    8   18
지용철   49  1959/06/27  62  1986/11/20  12315   920 1072 1111   342   16   25   25
최봉주   16  1962/11/19  59  2007/03/08   2824   207  214  225   266   11   12   17
최상식   28  1960/02/25  61  1993/07/13   6158   469  505  532   174   11   18   16
최영주   03  1966/09/03  55  1997/11/19   4860   356  377  359   127    3    4   11
최용건   51  1967/08/09  54  2020/07/01    249    23   16   22   208   18   11   17
최용구   08  1965/10/08  56  2012/07/01   1682   194  174  154   171   12   12   13
토니     30  1974/04/10  47  2019/09/01    294    25   35   35   163   14   17   19
홍대유   06  1963/01/15  58  2006/07/01   3811   325  329  336   333   29   37   25
