-------------------------------------------------------------------------------------
조교사명 조  생년월일   나이 데뷔일자    총출전  1위  2위  3위 1년출전 1위  2위  3위 
-------------------------------------------------------------------------------------
강성오   09  1966/08/20  55  2018/07/01    441    54   50   35   200   23   23   15
강환민   31  1970/05/26  51  2017/07/01    760   103   89   84   215   24   23   22
곽영효   19  1961/09/24  60  1997/05/28   4586   477  442  399   131    7    9    7
구자흥   07  1963/08/07  58  2010/04/05   1914   149  197  194   144   11    6    6
김동균   52  1975/08/24  46  2012/07/01   2506   257  217  231   279   41   29   31
김동철   53  1974/11/28  46  2016/03/16   1296    74  115  114   228   13   18   15
김윤섭   32  1968/09/20  53  1998/07/02   4920   316  401  419   131    4    4    9
김점오   17  1959/05/20  62  1987/07/10   8640   789  796  747   132   15   10    9
리카디   34  1968/03/02  53  2017/11/26    472    53   62   57   156   17   17   21
박대흥   18  1958/08/07  63  1997/05/28   6896   988  785  664   296   36   22   20
박병일   27  1964/04/26  57  2011/07/15   1769   153  173  162   181   14   19   13
박윤규   04  1966/09/26  55  2004/07/01   3985   309  344  367   173   16   12   13
박재우   50  1970/01/02  51  2011/01/26   2993   416  328  296   349   42   44   37
박종곤   01  1962/08/26  59  1997/09/04   4517   461  418  435   222   39   24   28
박천서   54  1963/06/08  58  2003/03/05   4302   412  405  407   181    8   10    9
박희철   15  1961/06/26  60  2002/07/01   5029   376  433  442   123    4    5   10
배대선   20  1960/04/02  61  1995/06/26   7689   849  817  807   248   11   11   22
배휴준   29  1966/09/25  55  2005/07/01   4412   312  363  383   186    4   11    8
서범석   12  1964/07/26  57  1999/07/01   4811   432  441  438   203   13   22   16
서인석   33  1968/11/20  52  2010/12/09   4305   393  432  410   405   36   39   36
서정하   43  1958/12/22  62  2004/09/01   2803   162  218  215    96    2    4    5
서홍수   24  1964/01/04  57  2008/09/24   2189   183  194  199   226   18   25   23
손영표   02  1966/11/14  54  2006/07/27   2823   228  219  196   146    7    9   10
송문길   40  1971/03/22  50  2013/07/01   2094   308  250  217   319   44   32   27
신삼영   41  1963/11/06  57  2010/07/01   2119   199  191  189   172    4   14    9
심승태   37  1978/02/14  43  2012/05/04   2195   169  206  193   109    2    1    6
안병기   22  1966/01/20  55  2008/07/01   3764   390  350  357   319   20   26   24
안해양   26  1961/07/24  60  1999/08/26   4210   373  333  356   195   13   14   16
우창구   05  1963/04/28  58  2008/07/01   3071   308  266  262   187   20   13   16
유재길   23  1961/07/16  60  2000/04/07   5560   406  431  476   145    3    8    8
이관호   42  1966/08/21  55  2013/11/01   2104   235  195  215   347   32   28   29
이신영   14  1980/04/12  41  2011/07/01   2402   320  207  231   204   21   15   11
이준철   48  1980/02/23  41  2021/07/01     26     6    5    2    26    6    5    2
이희영   13  1960/08/16  61  1986/12/04   8304   656  721  738   137    7   11   13
임봉춘   21  1959/04/14  62  2002/08/22   5047   407  428  505   299   20   29   24
임채덕   35  1970/07/09  51  2020/07/01    128     1    4    5   107    1    4    3
전승규   25  1963/10/04  57  2017/04/26    666   113   86   67   185   27   17   14
정호익   10  1965/03/05  56  2006/03/04   4812   495  507  497   302   39   36   35
조현수   11  1970/04/25  51  2018/07/01    682    29   45   59   241    9    8   19
지용철   49  1959/06/27  62  1986/11/20  12223   915 1068 1103   313   11   25   21
최봉주   16  1962/11/19  58  2007/03/08   2769   205  210  223   257   12   13   18
최상식   28  1960/02/25  61  1993/07/13   6111   467  502  525   160   13   17   14
최영주   03  1966/09/03  55  1997/11/19   4832   355  377  355   134    4    6   10
최용건   51  1967/08/09  54  2020/07/01    188    16   14   20   177   15   12   20
최용구   08  1965/10/08  55  2012/07/01   1639   191  171  150   177   12   14   15
토니     30  1974/04/10  47  2019/09/01    251    22   30   32   151   14   16   20
홍대유   06  1963/01/15  58  2006/07/01   3730   318  317  330   314   23   30   23
