-------------------------------------------------------------------------------------
조교사명 조  생년월일   나이 데뷔일자    총출전  1위  2위  3위 1년출전 1위  2위  3위 
-------------------------------------------------------------------------------------
강병은   13  1966/03/03  54  2004/03/02   3824   337  358  334   146    5    7   11
강은석   22  1971/11/10  49  2018/05/17    464    45   33   54   161   13   12   20
강형곤   02  1966/02/07  54  2004/03/02   4948   398  452  483   250   25   31   18
구영준   06  1972/06/08  48  2014/09/01   1539    91  115  145   165   11    6   17
권승주   33  1964/01/09  57  2012/03/03   3483   334  361  345   193   22   15   20
김길중   24  1963/03/28  57  2004/05/01   3502   223  287  300   199   14   13   15
김남중   10  1958/04/28  62  2004/03/02   3848   285  336  346   132    7    5    8
김병학   07  1960/03/15  60  2004/03/02   3677   233  262  304   106    4    9   12
김영관   19  1960/06/13  60  2004/03/02   5692  1289  794  631   246   48   32   27
김영민   11  1980/03/08  40  2020/04/10    112    11   21    6   112   11   21    6
김재섭   16  1963/09/23  57  2004/03/02   4833   539  446  439   164   12   11    8
라이스   31  1976/09/15  44  2013/11/29   1644   217  173  174   203   23   24   23
문제복   29  1965/02/01  55  2007/10/01   2519   212  205  223    78    3    3    3
민장기   21  1966/09/09  54  2004/05/01   4645   485  498  449   197   28   27   25
방동석   26  1967/12/09  53  2007/10/01   2764   250  252  293   147   23   14   16
백광열   01  1964/11/24  56  2004/03/02   6455   795  714  730   267   24   24   31
손병직   23  1973/11/14  47  2019/08/07    172    13   10    8   109   10    5    5
안우성   15  1974/01/18  47  2014/06/01   1561   208  191  187   194   18   24   23
양귀선   09  1961/11/10  59  2004/03/02   4426   282  326  377   232   30   23   14
울즐리   30  1962/12/24  58  2007/12/20   3226   579  423  341   187   27   27   21
유병복   05  1961/01/01  60  2004/03/02   4363   503  464  426   134    9    7    7
윤영훈   14  1965/03/03  55  2004/03/02   4317   281  347  356   108    4    6    6
이상영   27  1966/02/14  54  2007/10/01   3153   288  286  291   182   14   12   12
이정표   18  1965/03/02  55  2004/03/02   4032   181  261  314   137    2    6    3
임금만   04  1964/03/10  56  2004/03/02   4364   482  505  459   210   14   25   25
임동창   32  1960/05/05  60  2010/07/14   1916    84  104  144   129    9    5   11
장세한   17  1963/06/12  57  2004/03/02   4533   307  342  407   167    6   12   12
조용배   12  1967/03/16  53  2004/03/02   4657   215  287  357   171    3    5   10
최기홍   20  1964/11/09  56  2004/03/02   4266   373  384  375   137    8    2    8
토마스   08  1982/03/05  38  2015/06/01   1495   214  212  162   253   25   35   29
하무선   28  1968/06/15  52  2007/10/01   2197   123  137  179     8    0    0    0
