-------------------------------------------------------------------------------------
조교사명 조  생년월일   나이 데뷔일자    총출전  1위  2위  3위 1년출전 1위  2위  3위 
-------------------------------------------------------------------------------------
강은석   22  1971/11/10  49  2018/05/17    678    57   52   68   288   17   25   24
강형곤   02  1966/02/07  55  2004/03/02   5236   418  481  505   390   32   42   30
구민성   10  1978/08/11  43  2021/07/01     31     2    0    1    31    2    0    1
구영준   06  1972/06/08  49  2014/09/01   1717    95  121  161   231    8    8   20
권승주   33  1964/01/09  57  2012/03/03   3736   363  380  367   322   37   23   29
김길중   24  1963/03/28  58  2004/05/01   3675   233  296  308   254   14   14   17
김병학   07  1960/03/15  61  2004/03/02   3814   243  275  314   196   13   17   15
김영관   19  1960/06/13  61  2004/03/02   5951  1338  816  665   349   57   31   45
김영민   11  1980/03/08  41  2020/04/10    112    11   21    6    51    6   11    1
김재섭   16  1963/09/23  58  2004/03/02   5008   550  467  454   245   13   23   22
라이스   31  1976/09/15  45  2013/11/29   1866   255  193  195   294   44   27   26
문제복   29  1965/02/01  56  2007/10/01   2639   213  208  232   169    3    4   10
민장기   21  1966/09/09  55  2004/05/01   4859   513  522  468   292   43   34   28
박재호   13  1978/09/20  43  2021/09/29      0     0    0    0     0    0    0    0
방동석   26  1967/12/09  53  2007/10/01   2925   268  267  302   221   28   21   12
백광열   01  1964/11/24  56  2004/03/02   6766   833  743  769   408   49   35   47
손병직   23  1973/11/14  47  2019/08/07    172    13   10    8    44    5    1    1
안우성   15  1974/01/18  47  2014/06/01   1767   220  216  206   272   19   36   27
양귀선   09  1961/11/10  59  2004/03/02   4675   301  351  401   324   29   37   29
울즐리   30  1962/12/24  58  2007/12/20   3437   605  457  362   286   33   42   31
유병복   05  1961/01/01  60  2004/03/02   4480   508  468  435   175    8    6    9
윤영훈   14  1965/03/03  56  2004/03/02   4443   290  355  363   170   11   10    9
이상영   27  1966/02/14  55  2007/10/01   3282   291  290  301   189    8    7   12
이정표   18  1965/03/02  56  2004/03/02   4186   182  265  315   206    2    4    2
임금만   04  1964/03/10  57  2004/03/02   4572   498  529  474   289   22   37   26
임동창   32  1960/05/05  61  2010/07/14   2054    90  108  152   181    7    6   11
장세한   17  1963/06/12  58  2004/03/02   4692   310  349  418   223    4   10   15
조용배   12  1967/03/16  54  2004/03/02   4842   218  293  369   246    5    8   15
최기홍   20  1964/11/09  56  2004/03/02   4360   381  390  382   143   10    7   10
토마스   08  1982/03/05  39  2015/06/01   1750   246  239  189   353   38   38   36
하무선   28  1968/06/15  53  2007/10/01   2237   124  139  180    48    1    2    1
