-------------------------------------------------------------------------------------
조교사명 조  생년월일   나이 데뷔일자    총출전  1위  2위  3위 1년출전 1위  2위  3위 
-------------------------------------------------------------------------------------
강병은   13  1966/03/03  55  2004/03/02   3849   337  358  334   149    5    5   10
강은석   22  1971/11/10  49  2018/05/17    508    46   34   56   189   12   12   19
강형곤   02  1966/02/07  55  2004/03/02   5009   403  459  489   276   27   34   22
구영준   06  1972/06/08  48  2014/09/01   1572    91  116  148   166    9    6   16
권승주   33  1964/01/09  57  2012/03/03   3533   342  367  346   213   29   18   19
김길중   24  1963/03/28  58  2004/05/01   3549   226  289  302   222   13   14   15
김남중   10  1958/04/28  62  2004/03/02   3879   286  337  350   143    8    5    9
김병학   07  1960/03/15  61  2004/03/02   3701   234  265  305   130    5   12   13
김영관   19  1960/06/13  60  2004/03/02   5745  1298  796  637   268   50   32   30
김영민   11  1980/03/08  41  2020/04/10    112    11   21    6   112   11   21    6
김재섭   16  1963/09/23  57  2004/03/02   4869   540  450  442   185    8   15   11
라이스   31  1976/09/15  44  2013/11/29   1683   220  175  179   219   23   24   26
문제복   29  1965/02/01  56  2007/10/01   2550   213  206  225   109    4    4    5
민장기   21  1966/09/09  54  2004/05/01   4698   493  506  453   225   33   32   26
방동석   26  1967/12/09  53  2007/10/01   2794   255  256  295   159   25   17   16
백광열   01  1964/11/24  56  2004/03/02   6518   802  717  738   297   29   24   36
손병직   23  1973/11/14  47  2019/08/07    172    13   10    8    91    9    5    3
안우성   15  1974/01/18  47  2014/06/01   1600   212  196  192   208   21   25   26
양귀선   09  1961/11/10  59  2004/03/02   4480   287  334  383   249   31   28   19
울즐리   30  1962/12/24  58  2007/12/20   3262   586  425  346   197   30   24   23
유병복   05  1961/01/01  60  2004/03/02   4390   504  464  431   145    8    7    8
윤영훈   14  1965/03/03  56  2004/03/02   4344   282  350  356   117    4    6    6
이상영   27  1966/02/14  55  2007/10/01   3191   288  287  291   194   11    8   10
이정표   18  1965/03/02  56  2004/03/02   4065   181  262  314   147    2    3    2
임금만   04  1964/03/10  57  2004/03/02   4410   487  511  462   230   17   28   25
임동창   32  1960/05/05  60  2010/07/14   1944    85  105  145   141    9    6   12
장세한   17  1963/06/12  57  2004/03/02   4572   307  343  409   180    4   12   14
조용배   12  1967/03/16  54  2004/03/02   4700   215  288  359   187    2    4   10
최기홍   20  1964/11/09  56  2004/03/02   4290   374  386  376   132    8    4    6
토마스   08  1982/03/05  39  2015/06/01   1541   218  218  165   267   28   37   28
하무선   28  1968/06/15  52  2007/10/01   2210   123  137  179    21    0    0    0
