-------------------------------------------------------------------------------------
조교사명 조  생년월일   나이 데뷔일자    총출전  1위  2위  3위 1년출전 1위  2위  3위 
-------------------------------------------------------------------------------------
강은석   22  1971/11/10  49  2018/05/17    665    57   48   66   279   17   21   22
강형곤   02  1966/02/07  55  2004/03/02   5218   417  481  502   382   33   44   27
구민성   10  1978/08/11  43  2021/07/01     28     1    0    1    28    1    0    1
구영준   06  1972/06/08  49  2014/09/01   1702    95  120  160   225    8    8   20
권승주   33  1964/01/09  57  2012/03/03   3726   363  380  364   323   38   25   28
김길중   24  1963/03/28  58  2004/05/01   3662   233  296  308   253   14   14   17
김병학   07  1960/03/15  61  2004/03/02   3804   242  273  313   191   12   15   15
김영관   19  1960/06/13  61  2004/03/02   5938  1335  815  661   344   55   31   42
김영민   11  1980/03/08  41  2020/04/10    112    11   21    6    59    6   11    1
김재섭   16  1963/09/23  58  2004/03/02   4993   549  465  453   239   14   21   21
라이스   31  1976/09/15  45  2013/11/29   1855   255  192  195   295   45   28   28
문제복   29  1965/02/01  56  2007/10/01   2635   213  208  232   170    3    4   11
민장기   21  1966/09/09  55  2004/05/01   4848   510  522  467   293   41   37   28
박재호   13  1978/09/20  43  2021/09/29      0     0    0    0     0    0    0    0
방동석   26  1967/12/09  53  2007/10/01   2914   267  265  302   218   29   20   14
백광열   01  1964/11/24  56  2004/03/02   6752   833  743  768   409   50   36   47
손병직   23  1973/11/14  47  2019/08/07    172    13   10    8    49    5    2    1
안우성   15  1974/01/18  47  2014/06/01   1757   219  214  206   272   19   35   28
양귀선   09  1961/11/10  59  2004/03/02   4663   300  351  400   327   34   39   28
울즐리   30  1962/12/24  58  2007/12/20   3424   603  456  362   276   31   41   31
유병복   05  1961/01/01  60  2004/03/02   4480   508  468  435   180    9    6    9
윤영훈   14  1965/03/03  56  2004/03/02   4439   289  355  363   171   10   10    9
이상영   27  1966/02/14  55  2007/10/01   3273   290  290  300   191    7    8   13
이정표   18  1965/03/02  56  2004/03/02   4181   182  264  315   206    2    3    2
임금만   04  1964/03/10  57  2004/03/02   4557   498  527  474   291   22   36   27
임동창   32  1960/05/05  61  2010/07/14   2051    89  108  152   184    6    6   11
장세한   17  1963/06/12  58  2004/03/02   4683   309  347  418   223    3    8   16
조용배   12  1967/03/16  54  2004/03/02   4833   218  292  369   247    5    7   15
최기홍   20  1964/11/09  56  2004/03/02   4356   381  390  381   146   11    7    9
토마스   08  1982/03/05  39  2015/06/01   1733   242  238  185   349   34   38   34
하무선   28  1968/06/15  53  2007/10/01   2235   123  139  180    46    0    2    1
