-------------------------------------------------------------------------------------
조교사명 조  생년월일   나이 데뷔일자    총출전  1위  2위  3위 1년출전 1위  2위  3위 
-------------------------------------------------------------------------------------
강병은   13  1966/03/03  55  2004/03/02   3894   340  365  338   183    8   12   14
강은석   22  1971/11/10  49  2018/05/17    585    52   42   60   255   18   19   21
강형곤   02  1966/02/07  55  2004/03/02   5114   410  472  494   362   33   44   25
구영준   06  1972/06/08  49  2014/09/01   1628    94  117  151   212   11    7   17
권승주   33  1964/01/09  57  2012/03/03   3620   353  372  353   285   37   22   26
김길중   24  1963/03/28  58  2004/05/01   3601   230  290  306   256   15   14   18
김병학   07  1960/03/15  61  2004/03/02   3752   238  268  309   179    9   15   17
김영관   19  1960/06/13  61  2004/03/02   5819  1313  804  647   319   63   37   37
김영민   11  1980/03/08  41  2020/04/10    112    11   21    6   100   11   18    6
김재섭   16  1963/09/23  57  2004/03/02   4909   542  454  444   214    7   18   13
라이스   31  1976/09/15  44  2013/11/29   1765   236  184  185   280   37   30   29
문제복   29  1965/02/01  56  2007/10/01   2596   213  207  228   154    3    5    8
민장기   21  1966/09/09  54  2004/05/01   4769   502  513  462   283   42   37   33
방동석   26  1967/12/09  53  2007/10/01   2845   261  260  296   198   28   20   16
백광열   01  1964/11/24  56  2004/03/02   6625   818  728  750   381   42   34   46
손병직   23  1973/11/14  47  2019/08/07    172    13   10    8    83    8    5    3
안우성   15  1974/01/18  47  2014/06/01   1680   217  204  202   276   25   33   35
양귀선   09  1961/11/10  59  2004/03/02   4570   292  344  390   320   34   37   25
울즐리   30  1962/12/24  58  2007/12/20   3339   593  438  357   251   33   35   31
유병복   05  1961/01/01  60  2004/03/02   4437   504  466  433   181    7    9    9
윤영훈   14  1965/03/03  56  2004/03/02   4395   285  352  359   159    7    7    8
이상영   27  1966/02/14  55  2007/10/01   3228   288  288  296   210   10    9   14
이정표   18  1965/03/02  56  2004/03/02   4129   181  262  314   202    2    2    2
임금만   04  1964/03/10  57  2004/03/02   4477   492  517  471   282   21   33   32
임동창   32  1960/05/05  61  2010/07/14   1997    88  107  148   184   11    8   14
장세한   17  1963/06/12  58  2004/03/02   4630   307  345  413   228    4   13   17
조용배   12  1967/03/16  54  2004/03/02   4764   217  290  362   237    4    5   12
최기홍   20  1964/11/09  56  2004/03/02   4318   376  389  377   153   10    6    6
토마스   08  1982/03/05  39  2015/06/01   1626   226  227  174   333   34   40   36
하무선   28  1968/06/15  53  2007/10/01   2224   123  138  179    35    0    1    0
