-------------------------------------------------------------------------------------
조교사명 조  생년월일   나이 데뷔일자    총출전  1위  2위  3위 1년출전 1위  2위  3위 
-------------------------------------------------------------------------------------
강성오   09  1966/08/20  54  2018/07/01    370    45   43   27   174   18   22   12
강환민   31  1970/05/26  51  2017/07/01    696    97   84   77   218   25   25   20
곽영효   19  1961/09/24  59  1997/05/28   4545   473  438  396   142    6   10    9
구자흥   07  1963/08/07  57  2010/04/05   1877   144  196  192   157    9   11    8
김대근   48  1957/08/19  63  1986/07/30   8173   789  843  851   165   30   20   16
김동균   52  1975/08/24  45  2012/07/01   2420   244  211  221   268   36   29   30
김동철   53  1974/11/28  46  2016/03/16   1217    66  109  109   211    6   16   15
김윤섭   32  1968/09/20  52  1998/07/02   4877   315  401  416   136    5    5    9
김점오   17  1959/05/20  62  1987/07/10   8601   784  792  744   153   16   11    9
리카디   34  1968/03/02  53  2017/11/26    422    48   55   50   162   21   19   22
박대흥   18  1958/08/07  62  1997/05/28   6806   978  777  658   293   41   24   21
박병일   27  1964/04/26  57  2011/07/15   1717   146  164  158   192   15   13   16
박윤규   04  1966/09/26  54  2004/07/01   3938   302  341  363   199   15   17   16
박재우   50  1970/01/02  51  2011/01/26   2887   404  315  284   343   48   37   36
박종곤   01  1962/08/26  58  1997/09/04   4452   450  411  426   233   36   30   23
박천서   54  1963/06/08  57  2003/03/05   4254   409  403  405   182    7   13   12
박희철   15  1961/06/26  59  2002/07/01   4986   373  428  438   140    1    4    7
배대선   20  1960/04/02  61  1995/06/26   7620   844  813  798   280   11   18   24
배휴준   29  1966/09/25  54  2005/07/01   4363   311  362  380   203    5   13    7
서범석   12  1964/07/26  56  1999/07/01   4750   429  434  435   203   20   23   15
서인석   33  1968/11/20  52  2010/12/09   4181   375  421  401   422   31   39   43
서정하   43  1958/12/22  62  2004/09/01   2774   162  217  212   102    3    4    4
서홍수   24  1964/01/04  57  2008/09/24   2111   177  186  188   214   24   23   16
손영표   02  1966/11/14  54  2006/07/27   2773   224  213  196   136    5    8   13
송문길   40  1971/03/22  50  2013/07/01   2003   299  241  208   311   49   39   29
신삼영   41  1963/11/06  57  2010/07/01   2075   196  184  186   196    5   14    9
심승태   37  1978/02/14  43  2012/05/04   2167   167  205  193   149    2    5    8
안병기   22  1966/01/20  55  2008/07/01   3652   383  342  344   311   23   24   23
안해양   26  1961/07/24  59  1999/08/26   4142   370  325  347   176   11   10   12
우창구   05  1963/04/28  58  2008/07/01   3007   296  259  258   174   14   12   17
유재길   23  1961/07/16  59  2000/04/07   5509   406  428  474   161    4    5   11
이관호   42  1966/08/21  54  2013/11/01   1995   224  180  206   331   33   20   32
이신영   14  1980/04/12  41  2011/07/01   2336   315  202  226   198   26   14   15
이희영   13  1960/08/16  60  1986/12/04   8261   654  718  735   151    9   10   14
임봉춘   21  1959/04/14  62  2002/08/22   4952   402  418  494   288   23   27   19
임채덕   35  1970/07/09  50  2020/07/01     90     0    1    3    90    0    1    3
전승규   25  1963/10/04  57  2017/04/26    613   105   81   64   192   28   18   19
정호익   10  1965/03/05  56  2006/03/04   4724   487  498  488   308   38   35   31
조현수   11  1970/04/25  51  2018/07/01    608    27   43   52   257   13   17   25
지용철   49  1959/06/27  61  1986/11/20  12120   911 1059 1095   327   12   27   23
최봉주   16  1962/11/19  58  2007/03/08   2692   202  205  220   241   11   14   19
최상식   28  1960/02/25  61  1993/07/13   6061   465  496  522   165   14   15   15
최영주   03  1966/09/03  54  1997/11/19   4806   354  375  353   165   10    7   15
최용건   51  1967/08/09  53  2020/07/01    117    11   10   11   117   11   10   11
최용구   08  1965/10/08  55  2012/07/01   1586   188  167  144   188   18   16   17
토니     30  1974/04/10  47  2019/09/01    197    15   24   23   147   12   19   19
홍대유   06  1963/01/15  58  2006/07/01   3633   306  308  320   311   19   32   26
